date spi1 spi3 spi6 spi9 spi12 spi24
01/01/1990 1.67 -99 -99 -99 -99 -99
02/01/1990 0.72 -99 -99 -99 -99 -99
03/01/1990 0.78 1.33 -99 -99 -99 -99
04/01/1990 0.71 1.12 -99 -99 -99 -99
05/01/1990 -2.21 -0.04 -99 -99 -99 -99
06/01/1990 -0.48 -0.74 0.5 -99 -99 -99
07/01/1990 -0.98 -2.17 -0.23 -99 -99 -99
08/01/1990 -0.31 -1.08 -0.5 -99 -99 -99
09/01/1990 -0.89 -2.01 -1.27 0.11 -99 -99
10/01/1990 0.47 -0.12 -1.96 -0.48 -99 -99
11/01/1990 -1.39 -0.79 -1.45 -1.2 -99 -99
12/01/1990 0.97 -0.05 -0.63 -1.13 -0.05 -99
01/01/1991 -0.45 -0.49 -0.73 -1.68 -0.79 -99
02/01/1991 0.16 0.39 -0.58 -0.95 -0.9 -99
03/01/1991 2.34 1.4 1.02 0.61 0.04 -99
04/01/1991 -1.26 1.08 0.39 0.22 -0.69 -99
05/01/1991 0.83 1.38 1.32 0.6 0.11 -99
06/01/1991 0.31 -0.23 0.85 0.69 0.28 -99
07/01/1991 0.08 0.48 1.01 0.49 0.36 -99
08/01/1991 -0.73 -0.14 0.92 0.94 0.33 -99
09/01/1991 -1.89 -1.51 -0.69 0.5 0.31 -99
10/01/1991 -0.65 -1.58 -0.56 0.36 -0.12 -99
11/01/1991 -0.42 -1.32 -1.45 0.01 0.11 -99
12/01/1991 0.9 -0.43 -0.99 -1.02 0.09 -0.03
01/01/1992 -0.61 -0.23 -1.3 -0.61 0.06 -0.5
02/01/1992 0.17 0.27 -1.05 -1.04 0.07 -0.61
03/01/1992 -0.33 -0.47 -0.85 -1.23 -1.19 -0.89
04/01/1992 1.82 1.35 0.75 0.1 0.27 -0.34
05/01/1992 0.4 1.39 1.26 0.26 0.05 0.05
06/01/1992 2.23 2.61 1.83 1.55 1.17 1.07
07/01/1992 0.7 1.79 2.19 1.67 1.29 1.19
08/01/1992 1.71 2.27 2.36 2.25 1.58 1.44
09/01/1992 0.53 1.26 2.73 2.07 1.77 1.58
10/01/1992 -1.28 -0.07 1.62 2.31 1.74 1.12
11/01/1992 0.97 0.21 1.68 2.29 2.25 1.49
12/01/1992 0.96 0.51 0.91 2.59 2.2 1.54
01/01/1993 0.65 1.29 1.09 1.88 2.6 1.76
02/01/1993 1.36 1.63 1.17 2.22 2.73 2.01
03/01/1993 0.75 1.17 1.23 1.51 2.81 1.54
04/01/1993 -0.51 0.68 1.35 1.25 2.01 1.67
05/01/1993 0.17 0 1.02 0.99 2.2 1.67
06/01/1993 1.41 0.42 1.07 1.35 1.6 2.07
07/01/1993 0.26 0.85 0.99 1.53 1.56 2.08
08/01/1993 0.87 1.2 0.62 1.31 1.3 2.15
09/01/1993 -0.88 -0.26 0.22 0.91 1.13 2.17
10/01/1993 -0.26 -0.54 0.33 0.69 1.41 2.12
11/01/1993 2.08 1.47 1.86 1.65 2.24 2.73
12/01/1993 0.62 1.74 1.63 1.54 2.06 2.75
01/01/1994 -0.78 1.94 1.6 1.59 1.91 2.84
02/01/1994 -0.39 -0.36 1.28 1.54 1.34 2.77
03/01/1994 -0.13 -0.67 1.18 1 0.99 2.87
04/01/1994 -0.41 -0.86 1.11 0.81 1.06 2.19
05/01/1994 0.65 -0.17 -0.43 0.98 1.35 2.54
06/01/1994 0.06 -0.09 -0.62 0.95 0.77 1.78
07/01/1994 -0.42 0.18 -0.58 0.95 0.71 1.66
08/01/1994 -0.73 -0.52 -0.46 -0.66 0.54 1.36
09/01/1994 -0.4 -1.5 -0.55 -0.99 0.57 1.25
10/01/1994 -0.21 -0.87 -0.59 -1.29 0.62 1.35
11/01/1994 2.64 2.13 1.84 1.54 1.26 2.13
12/01/1994 -0.41 2.11 1.86 1.46 0.96 1.95
01/01/1995 -0.3 2.43 2.04 1.56 1.11 1.89
02/01/1995 -0.05 -0.73 1.96 1.4 1.11 1.62
03/01/1995 -0.09 -0.33 1.77 1.4 1.06 1.48
04/01/1995 0.01 -0.36 1.81 1.47 1.23 1.6
05/01/1995 -1.61 -1.11 -1.42 1.13 0.7 1.44
06/01/1995 0.9 -0.47 -0.68 1.35 0.97 1.28
07/01/1995 -0.17 -0.51 -0.74 1.29 1 1.23
08/01/1995 -0.64 0.38 -0.72 -1.07 0.97 1.1
09/01/1995 2.03 1.56 0.31 -0.06 1.71 1.72
10/01/1995 0.13 1.11 0.36 -0.07 1.9 1.71
11/01/1995 -1.79 0.26 0.27 -0.58 -0.98 0.22
12/01/1995 -0.7 -1.37 -0.38 -0.74 -0.99 0.01
01/01/1996 0.21 -1.39 -0.28 -0.59 -0.92 0.15
02/01/1996 0.45 -0.2 -0.03 0.04 -0.67 0.31
03/01/1996 0.14 0.23 -0.92 -0.22 -0.52 0.4
04/01/1996 0.89 0.76 -0.31 0.28 -0.1 0.8
05/01/1996 0.11 0.58 0.3 0.32 0.32 0.68
06/01/1996 -0.48 0.34 0.31 -0.74 -0.11 0.62
07/01/1996 -0.64 -0.44 0.18 -0.66 -0.15 0.61
08/01/1996 -0.04 -0.91 0.05 -0.13 -0.11 0.62
09/01/1996 0.47 -0.38 0.11 0.14 -0.87 0.73
10/01/1996 -0.21 -0.35 -0.88 -0.16 -1.05 0.69
11/01/1996 0.04 -0.29 -0.86 -0.32 -0.5 -0.95
12/01/1996 -0.94 -0.81 -1.08 -0.61 -0.5 -1.02
01/01/1997 1.74 0.36 -0.05 -0.38 0.03 -0.6
02/01/1997 1.14 1.24 0.47 0 0.29 -0.3
03/01/1997 1.97 2.19 1.32 1.11 1.04 0.39
04/01/1997 -2.22 1 0.86 0.62 0.22 0.03
05/01/1997 0.06 0.42 1.05 0.63 0.17 0.29
06/01/1997 1.74 0.2 1.78 1.28 1.06 0.69
07/01/1997 2.04 1.73 1.92 1.72 1.67 1.15
08/01/1997 -1.39 1.96 1.5 1.85 1.57 1.12
09/01/1997 0.88 1.66 0.86 2.16 1.69 0.72
10/01/1997 -0.21 -0.15 1.52 1.96 1.77 0.59
11/01/1997 -0.01 -0.13 1.17 1.21 1.64 0.74
12/01/1997 -0.02 -0.51 0.29 0.26 1.75 0.87
01/01/1998 2.29 0.93 0.66 1.57 2.08 1.37
02/01/1998 1.92 2.43 1.53 2.23 2.22 1.73
03/01/1998 -0.47 1.71 1.01 1.48 1.27 1.68
04/01/1998 0.31 0.91 1.21 1.08 1.84 1.5
05/01/1998 0.94 0.35 1.86 1.59 2.4 1.9
06/01/1998 0.14 0.56 1.59 1.23 1.67 2.04
07/01/1998 0.37 0.55 0.93 1.24 1.2 2.1
08/01/1998 -0.24 -0.1 0.11 1.4 1.18 2.06
09/01/1998 0.09 -0.36 0.32 1.41 1 2.01
10/01/1998 -0.3 -0.7 -0.08 0.56 1.01 1.87
11/01/1998 -0.22 -0.69 -0.89 -0.52 0.88 1.52
12/01/1998 0.35 -0.52 -0.77 -0.23 0.96 1.74
01/01/1999 -0.33 -0.4 -1.04 -0.4 0.12 1.42
02/01/1999 -1.92 -0.97 -1.48 -1.37 -0.95 1.02
03/01/1999 0.26 -0.66 -1.07 -1.19 -0.61 0.52
04/01/1999 -0.01 -0.7 -0.82 -1.34 -0.78 0.87
05/01/1999 0.45 0.16 -0.46 -1.24 -1.25 1.04
06/01/1999 -0.77 -0.2 -0.7 -1.32 -1.42 0.34
07/01/1999 0.67 0.05 -0.58 -0.82 -1.38 -0.05
08/01/1999 0.2 -0.3 -0.11 -0.62 -1.27 0
09/01/1999 0.77 0.57 -0.02 -0.54 -1.1 -0.03
10/01/1999 1.33 1.36 1 0.31 -0.11 0.59
11/01/1999 0.26 1.03 0.72 0.63 0.13 0.59
12/01/1999 -1.53 0.51 0.61 0.26 -0.23 0.46
01/01/2000 0.88 -0.09 0.86 0.58 0.1 0.09
02/01/2000 0.24 -0.13 0.86 0.5 0.46 -0.35
03/01/2000 2.44 1.87 1.83 1.84 1.39 0.63
04/01/2000 -0.94 1.31 0.81 1.5 1.19 0.33
05/01/2000 -1.3 0.64 0.39 1.17 0.8 -0.3
06/01/2000 -0.26 -1.81 0.53 0.79 0.85 -0.39
07/01/2000 0.23 -1.16 0.29 0.08 0.78 -0.4
08/01/2000 0.34 -0.28 0.28 0.11 0.77 -0.35
09/01/2000 0.29 -0.06 -1.67 0.43 0.65 -0.33
10/01/2000 0.6 0.43 -0.77 0.43 0.19 -0.01
11/01/2000 0.46 0.48 0.16 0.47 0.3 0.22
12/01/2000 0.09 0.42 0.28 -0.94 0.57 0.19
01/01/2001 -0.11 0.11 0.23 -0.5 0.32 0.22
02/01/2001 -2.31 -1.15 -0.3 -0.48 -0.06 0.22
03/01/2001 -1.25 -1.57 -0.72 -0.77 -1.68 -0.03
04/01/2001 0.23 -1.47 -0.88 -0.74 -1.25 0.04
05/01/2001 -1.05 -1.28 -1.82 -1.38 -1.45 -0.43
06/01/2001 -2.04 -0.96 -1.89 -1.58 -1.56 -0.49
07/01/2001 0.04 -1.41 -2.17 -1.64 -1.63 -0.57
08/01/2001 0.45 -0.77 -1.44 -1.91 -1.54 -0.53
09/01/2001 -0.52 -0.65 -1.19 -2.08 -1.73 -0.75
10/01/2001 1.1 0.79 -0.53 -1.68 -1.37 -0.83
11/01/2001 0.58 0.79 0.34 -0.61 -1.18 -0.55
12/01/2001 0.42 0.99 0.73 -0.07 -1 -0.28
01/01/2002 -1.25 0.07 0.49 -0.38 -1.33 -0.63
02/01/2002 -1.8 -1.34 0 -0.38 -1.17 -0.88
03/01/2002 -0.57 -1.61 -0.1 -0.33 -0.89 -1.99
04/01/2002 0.79 -0.42 -0.29 0.08 -0.62 -1.41
05/01/2002 0.89 0.65 -0.18 0.4 -0.01 -1.09
06/01/2002 -1.4 0.62 -0.52 0.22 0 -1.22
07/01/2002 1.83 0.87 0.29 0.18 0.5 -0.81
08/01/2002 0.24 0.56 0.66 0 0.46 -0.8
09/01/2002 -0.8 0.93 0.84 -0.23 0.44 -0.93
10/01/2002 -1.41 -1.9 -0.19 -0.61 -0.56 -1.39
11/01/2002 0.17 -1.01 -0.65 -0.13 -0.77 -1.25
12/01/2002 1.18 -0.05 0.25 0.54 -0.38 -0.94
01/01/2003 0.21 0.63 -0.39 0.25 -0.1 -0.93
02/01/2003 0.3 0.96 -0.27 -0.04 0.3 -0.61
03/01/2003 0.99 0.67 0.38 0.61 0.79 -0.07
04/01/2003 1.42 1.67 1.52 0.92 1.15 0.4
05/01/2003 -0.52 1.25 1.53 0.71 0.75 0.48
06/01/2003 0.31 0.76 0.93 0.78 0.96 0.69
07/01/2003 -0.69 -0.53 0.88 1.01 0.44 0.65
08/01/2003 1.27 0.34 1.01 1.28 0.61 0.76
09/01/2003 0.11 0.17 0.67 0.88 0.7 0.82
10/01/2003 -1.71 -0.8 -1.29 0.46 0.71 0.07
11/01/2003 -0.1 -1.15 -0.95 0.17 0.55 -0.15
12/01/2003 0.01 -1.14 -1.12 -0.27 0.11 -0.22
01/01/2004 -0.1 -0.41 -1.11 -1.22 0.03 -0.09
02/01/2004 -1.32 -0.96 -1.89 -1.42 -0.28 -0.05
03/01/2004 -0.47 -0.92 -1.79 -1.67 -0.78 0
04/01/2004 1.32 0.3 -0.13 -0.64 -0.89 0.23
05/01/2004 1.57 1.58 0.86 -0.1 -0.06 0.45
06/01/2004 -0.81 1.48 0.59 -0.29 -0.29 0.49
07/01/2004 2.04 1.46 1.25 0.74 0.39 0.56
08/01/2004 -1.56 0.68 1.43 0.89 0.12 0.5
09/01/2004 -1.66 0.97 1.61 0.8 -0.01 0.48
10/01/2004 0.2 -0.54 1.02 1 0.49 0.77
11/01/2004 0.95 0.46 0.62 1.52 1.04 0.94
12/01/2004 0.78 0.87 1.12 1.84 1.25 0.87
01/01/2005 -0.41 0.84 0.36 1.18 1.27 0.81
02/01/2005 -0.49 -0.1 0.24 0.43 1.31 0.7
03/01/2005 0.14 -0.4 0.41 0.65 1.38 0.51
04/01/2005 -0.44 -0.73 0.16 -0.22 0.7 -0.14
05/01/2005 1.8 0.86 0.6 0.79 0.88 0.55
06/01/2005 0.48 0.91 0.35 0.93 1.11 0.61
07/01/2005 0.25 1.28 0.49 0.84 0.58 0.67
08/01/2005 -0.09 0.15 0.62 0.44 0.6 0.49
09/01/2005 0.8 0.29 0.84 0.35 0.87 0.62
10/01/2005 -0.01 0.03 1.12 0.41 0.83 0.85
11/01/2005 0.74 0.51 0.38 0.81 0.64 0.99
12/01/2005 -1.05 -0.05 -0.06 0.54 0.17 0.91
01/01/2006 0.64 0.33 0.16 0.91 0.45 1.06
02/01/2006 -0.21 -0.48 0.08 0.02 0.49 1.19
03/01/2006 -0.54 -0.21 -0.33 -0.29 0.29 1.22
04/01/2006 0.69 -0.07 0.13 0.02 0.74 0.99
05/01/2006 -1.34 -0.63 -0.88 -0.53 -0.52 0.24
06/01/2006 -2.5 -0.64 -0.71 -0.96 -0.87 0.21
07/01/2006 -2.08 -1.91 -1.23 -0.82 -1.01 -0.33
08/01/2006 -1.89 -3.62 -1.17 -1.33 -1.01 -0.32
09/01/2006 -0.21 -1.71 -1.13 -1.1 -1.3 -0.28
10/01/2006 0.55 0.05 -1.63 -1.45 -1.01 -0.12
11/01/2006 -0.01 0 -0.78 -1.2 -1.44 -0.46
12/01/2006 0.04 0.03 -0.5 -0.96 -1.11 -0.63
01/01/2007 -0.74 -0.57 -0.67 -1.55 -1.61 -0.71
02/01/2007 0.46 -0.29 -0.35 -0.91 -1.25 -0.52
03/01/2007 1.19 0.59 0.38 -0.01 -0.45 -0.17
04/01/2007 1.7 2.11 1.17 1.11 0.19 0.62
05/01/2007 -1.12 1.44 1.03 0.83 0.2 -0.29
06/01/2007 0.9 1.11 1.14 1.07 0.68 -0.16
07/01/2007 -0.05 -0.28 1.37 0.77 0.75 -0.19
08/01/2007 0.62 0.61 1.29 1 0.84 -0.12
09/01/2007 -1.66 -0.77 0.76 0.9 0.78 -0.36
10/01/2007 -1.4 -1.71 -1.52 0.78 0.2 -0.6
11/01/2007 -0.56 -1.87 -1.14 0.23 -0.01 -0.9
12/01/2007 1.54 -0.18 -0.55 0.38 0.63 -0.3
01/01/2008 -1.48 0.04 -1.04 -1 0.56 -0.63
02/01/2008 1.15 1.27 -0.46 -0.16 0.76 -0.31
03/01/2008 -0.8 -0.33 -0.53 -0.78 0.09 -0.33
04/01/2008 -1.13 -0.7 -0.49 -1.33 -1.32 -0.83
05/01/2008 -0.12 -1.51 -0.25 -1.69 -1.24 -0.78
06/01/2008 -1.03 -1.34 -1.27 -1.62 -1.8 -0.78
07/01/2008 -0.21 -0.68 -1.11 -0.94 -1.86 -0.74
08/01/2008 -0.06 -1.07 -1.72 -0.64 -1.88 -0.69
09/01/2008 1.25 0.65 -0.9 -1.02 -1.33 -0.38
10/01/2008 1.53 1.76 0.93 0.24 0.11 0.15
11/01/2008 -1.38 0.86 0.34 -0.73 -0.06 -0.09
12/01/2008 -0.08 0.39 0.52 -0.48 -0.75 -0.09
01/01/2009 -1.53 -1.82 0.23 -0.29 -0.81 -0.18
02/01/2009 -0.71 -1.5 0.01 -0.44 -1.34 -0.36
03/01/2009 -2.23 -2.2 -1.05 -0.8 -1.48 -1.05
04/01/2009 0.21 -1.41 -2.26 -0.71 -1.02 -1.76
05/01/2009 -0.31 -1.17 -1.92 -0.99 -1.33 -1.95
06/01/2009 1.19 0.41 -0.97 -0.79 -0.58 -1.87
07/01/2009 -1.19 0.27 -0.84 -1.78 -0.65 -1.91
08/01/2009 -0.04 0.64 -0.58 -1.28 -0.61 -1.95
09/01/2009 1.81 1.25 0.81 -0.47 -0.32 -1.3
10/01/2009 -1.29 0.29 0.27 -0.86 -1.89 -1.21
11/01/2009 0.95 0.83 0.94 0.07 -0.62 -0.46
12/01/2009 -0.08 -0.02 0.44 0.53 -0.58 -0.92
01/01/2010 -0.25 0.49 0.49 0.44 -0.4 -0.82
02/01/2010 0.16 -0.36 0.52 0.62 -0.15 -1.05
03/01/2010 0.45 0.1 -0.05 0.35 0.46 -0.74
04/01/2010 0.95 0.86 0.86 0.92 0.81 -0.13
05/01/2010 0.22 0.85 0.46 1.02 1.06 -0.15
06/01/2010 0.7 0.86 0.63 0.47 0.81 0.15
07/01/2010 -1.91 0.18 0.64 0.72 0.81 0.11
08/01/2010 1.66 0.8 0.95 0.64 1.09 0.37
09/01/2010 -0.68 0.2 0.77 0.59 0.42 0.03
10/01/2010 -1.06 -0.48 -0.36 0.31 0.48 -0.92
11/01/2010 -1.95 -2.48 -1.21 -0.32 -0.56 -0.78
12/01/2010 -3 -3.27 -2.57 -0.9 -0.84 -0.98
01/01/2011 -0.26 -2.29 -2.52 -1.56 -0.9 -0.88
02/01/2011 1.3 -0.1 -1.98 -1.12 -0.39 -0.43
03/01/2011 -0.39 0.27 -1.67 -1.54 -0.62 -0.16
04/01/2011 0.14 0.38 -1 -1.42 -1.1 -0.18
05/01/2011 0.08 -0.33 -0.4 -2.08 -1.42 -0.2
06/01/2011 -0.01 -0.14 0 -1.8 -1.68 -0.59
07/01/2011 -0.51 -0.28 -0.03 -1.18 -1.68 -0.57
08/01/2011 0.66 -0.19 -0.45 -0.53 -1.93 -0.49
09/01/2011 0.84 0.37 -0.06 0.04 -1.61 -0.87
10/01/2011 0.44 0.62 0.07 0.24 -1.03 -0.4
11/01/2011 0.56 0.62 0.34 -0.03 -0.17 -0.49
12/01/2011 -0.42 0.22 0.24 -0.01 0.07 -0.54
01/01/2012 -0.17 -0.02 0.27 -0.05 0.08 -0.55
02/01/2012 -1.85 -1.51 -0.29 -0.44 -0.66 -0.78
03/01/2012 0.59 -0.34 -0.18 -0.12 -0.25 -0.72
04/01/2012 -0.22 -0.6 -0.47 -0.22 -0.41 -1.15
05/01/2012 1.52 0.98 0.07 0.45 0.2 -0.9
06/01/2012 0.85 0.99 0.46 0.48 0.49 -0.87
07/01/2012 1.43 1.61 0.87 0.61 0.87 -0.53
08/01/2012 -0.14 1 1.16 0.46 0.75 -0.8
09/01/2012 0.56 0.94 1.16 0.67 0.67 -0.66
10/01/2012 -2.42 -1.42 0.86 0.24 0.07 -0.71
11/01/2012 0.49 -0.41 0.14 0.71 0.03 -0.13
12/01/2012 0.2 -0.52 -0.16 0.53 0.2 0.13
01/01/2013 -0.21 0.16 -0.8 0.62 0.2 0.13
02/01/2013 -0.08 -0.29 -0.75 -0.11 0.47 -0.17
03/01/2013 -1.18 -0.85 -1.22 -0.8 -0.02 -0.27
04/01/2013 -0.19 -1.13 -0.65 -1.43 -0.01 -0.37
05/01/2013 0.9 -0.3 -0.49 -1.05 -0.44 -0.24
06/01/2013 0.98 0.67 -0.1 -0.68 -0.36 0.04
07/01/2013 -1.91 0.81 -0.18 -0.15 -0.84 0.02
08/01/2013 1.89 1.12 0.36 0.12 -0.33 0.28
09/01/2013 -1.41 0.39 0.66 -0.04 -0.58 0.04
10/01/2013 -0.24 0.14 0.69 -0.27 -0.22 -0.17
11/01/2013 0.43 -0.28 0.34 -0.02 -0.24 -0.17
12/01/2013 0.82 0.26 0.29 0.61 0.02 0.1
01/01/2014 -1.78 0.08 -0.01 0.45 -0.25 -0.07
02/01/2014 0.08 -0.21 -0.58 0.11 -0.17 0.16
03/01/2014 -0.67 -1.04 -0.59 -0.49 -0.02 -0.1
04/01/2014 -0.73 -1.19 -0.75 -0.8 -0.2 -0.22
05/01/2014 -0.46 -1.45 -1.35 -1.78 -0.92 -1.06
06/01/2014 0.43 -0.8 -1.42 -1.33 -1.18 -1.24
07/01/2014 0.65 -0.11 -1.03 -0.85 -0.99 -1.44
08/01/2014 -0.73 0.22 -1.07 -1.11 -1.48 -1.43
09/01/2014 0.5 0.14 -0.73 -1.37 -1.27 -1.47
10/01/2014 1.97 1.89 1.41 0.44 0.3 0
11/01/2014 0.13 1.42 1.32 0.34 0.13 -0.11
12/01/2014 -0.21 1.27 1.23 0.48 -0.2 -0.17
01/01/2015 -0.77 -0.58 1.04 0.63 -0.08 -0.26
02/01/2015 1.08 0.05 1.42 1.16 0.27 0.01
03/01/2015 0.21 0.28 1.25 1.16 0.51 0.3
04/01/2015 -1.23 -0.2 -0.61 0.67 0.42 0.1
05/01/2015 -0.17 -0.94 -0.78 0.63 0.52 -0.32
06/01/2015 -1.2 -1.45 -0.81 0.27 0.22 -0.76
07/01/2015 -0.16 -0.73 -0.76 -1.08 0.09 -0.71
08/01/2015 2.02 0.43 -0.56 -0.54 0.59 -0.65
09/01/2015 1.29 1.76 -0.21 -0.07 0.85 -0.28
10/01/2015 1.75 2.5 1.72 1.33 0.69 0.63
11/01/2015 -0.34 1.3 1.29 0.56 0.46 0.33
12/01/2015 -0.03 0.9 1.52 0.47 0.51 0.16
01/01/2016 0.32 -0.4 1.8 0.96 0.77 0.41
02/01/2016 -0.08 -0.14 1.18 1.05 0.39 0.39
03/01/2016 -0.15 -0.11 0.63 1.19 0.28 0.53
04/01/2016 0.89 0.38 -0.07 1.66 1.01 0.99
05/01/2016 -0.98 -0.08 -0.22 0.94 0.89 0.96
06/01/2016 0.15 0.04 -0.16 0.47 1.04 0.92
07/01/2016 0 -0.8 -0.33 -0.61 1.07 0.84
08/01/2016 -1.56 -0.33 -0.32 -0.43 0.56 0.82
09/01/2016 0.3 -0.55 -0.23 -0.36 0.24 0.78
10/01/2016 0.58 0.26 -0.67 -0.35 -0.67 -0.02
11/01/2016 -0.87 -0.27 -0.62 -0.67 -0.79 -0.21
12/01/2016 0.86 0.09 -0.21 -0.24 -0.4 0.04
01/01/2017 -1.54 -0.76 -0.66 -1.04 -0.83 -0.04
02/01/2017 0.54 0.18 -0.3 -0.5 -0.56 -0.16
03/01/2017 -0.72 -0.73 -0.56 -0.76 -0.66 -0.33
04/01/2017 -0.56 -0.8 -1.14 -1.11 -1.41 -0.2
05/01/2017 -0.31 -1.26 -0.93 -1.37 -1.46 -0.37
06/01/2017 -0.69 -1.08 -1.4 -1.49 -1.62 -0.35
07/01/2017 0.7 -0.46 -1.03 -1.41 -1.51 -0.24
08/01/2017 -0.27 -0.37 -1.26 -1.03 -1.41 -0.62
09/01/2017 -1.18 -0.57 -1.27 -1.59 -1.63 -1.03
10/01/2017 0.84 0.31 -0.35 -1.04 -1.48 -1.54
11/01/2017 -0.8 -0.24 -0.61 -1.49 -1.35 -1.36
12/01/2017 -0.98 -0.44 -0.77 -1.48 -1.92 -1.52
01/01/2018 0.43 -1.01 -0.81 -0.95 -1.55 -1.56
02/01/2018 0.28 -0.29 -0.59 -0.76 -1.51 -1.46
03/01/2018 -0.86 -0.23 -0.67 -0.87 -1.41 -1.61
04/01/2018 -0.24 -0.81 -1.31 -1.23 -1.34 -2.06
05/01/2018 0.54 -0.5 -0.66 -1.07 -1.21 -2.02
06/01/2018 0.46 0.11 -0.18 -0.71 -0.89 -1.99
07/01/2018 0.12 0.37 -0.38 -0.99 -1.03 -1.96
08/01/2018 -0.42 0.04 -0.47 -0.64 -0.99 -1.91
09/01/2018 0.43 -0.25 -0.07 -0.31 -0.81 -1.91
10/01/2018 0.01 -0.23 0 -0.72 -1.35 -2.03
11/01/2018 0.06 -0.16 -0.32 -0.73 -0.91 -1.44
12/01/2018 1.48 0.55 0.36 0.26 0.01 -1.22
01/01/2019 0.67 0.94 0.64 0.6 0.07 -0.94
02/01/2019 1.14 1.91 1.08 0.81 0.37 -0.76
03/01/2019 0.87 1.14 1.24 1.06 0.87 -0.34
04/01/2019 -0.3 0.73 1.11 0.93 0.88 -0.27
05/01/2019 -0.81 -0.3 1.02 0.69 0.5 -0.53
06/01/2019 0.19 -0.86 0.27 0.56 0.4 -0.41
07/01/2019 -1.42 -0.83 -0.06 0.5 0.32 -0.56
08/01/2019 0.04 -0.36 -0.5 0.61 0.34 -0.53
09/01/2019 0.84 0.02 -0.84 0.19 0.45 -0.3
10/01/2019 1.11 1.14 0.18 0.61 1.07 -0.14
11/01/2019 -0.34 0.58 0.24 -0.11 0.86 -0.02
12/01/2019 -1.51 -0.05 -0.17 -0.82 0.02 -0.03
01/01/2020 0.37 -0.88 0.08 -0.48 -0.08 -0.05
02/01/2020 0.29 -0.46 0.17 -0.11 -0.36 -0.04
03/01/2020 -1.14 -0.36 -0.44 -0.48 -0.96 -0.05
04/01/2020 0.73 -0.04 -0.67 -0.02 -0.5 0.26
05/01/2020 -0.02 -0.19 -0.5 -0.12 -0.36 0.04
06/01/2020 -0.17 0.22 -0.18 -0.41 -0.45 -0.09
07/01/2020 0.23 -0.28 -0.34 -0.89 -0.36 -0.08
08/01/2020 0.93 0.05 -0.24 -0.51 -0.2 0.05
09/01/2020 -0.08 0.06 0.13 -0.23 -0.44 -0.04
10/01/2020 0.36 0.25 -0.26 -0.37 -0.98 0.08
11/01/2020 1.29 0.96 0.79 0.47 0.16 0.59
12/01/2020 1.4 1.54 1.49 1.3 0.94 0.6
01/01/2021 -0.77 1.46 1.44 0.86 0.75 0.39
02/01/2021 0.24 0.75 1.29 0.99 0.71 0.2
03/01/2021 -0.88 -0.77 0.92 0.82 0.72 -0.17
04/01/2021 -2.02 -1.86 0.21 0.22 -0.04 -0.45
05/01/2021 -1.01 -2.63 -1.34 -0.39 -0.45 -0.66
06/01/2021 -1.19 -2.52 -2.33 -0.55 -0.57 -0.85
07/01/2021 0.98 -0.82 -2.05 -0.36 -0.4 -0.63
08/01/2021 -0.34 -0.27 -2.22 -1.33 -0.55 -0.64
09/01/2021 -1.02 -0.23 -2.32 -2.36 -0.65 -0.9
10/01/2021 -0.21 -0.95 -1.69 -3.01 -0.95 -1.4
11/01/2021 -0.43 -0.99 -1.25 -2.97 -2.16 -1.17
12/01/2021 0.55 -0.46 -0.67 -2.22 -2.61 -0.86
01/01/2022 1.93 0.75 0.08 -0.48 -1.62 -0.49
02/01/2022 0.4 1.57 0.25 -0.01 -1.43 -0.45
03/01/2022 -0.14 0.92 0.3 0.15 -1.07 -0.24
04/01/2022 0.92 0.62 0.9 0.43 -0.1 -0.16
05/01/2022 -0.04 0.38 1.24 0.4 0.13 -0.29
06/01/2022 -0.54 0.27 0.77 0.33 0.18 -0.35
07/01/2022 -0.91 -0.6 -0.02 0.38 -0.08 -0.42
08/01/2022 -1.56 -1.29 -0.18 0.63 -0.09 -0.56
09/01/2022 -0.75 -2.29 -0.27 0.38 -0.09 -0.62
10/01/2022 0.48 -0.15 -0.87 -0.28 0.23 -0.54
11/01/2022 -1 -0.65 -1.36 -0.8 0.08 -1.23
12/01/2022 -1.85 -1.06 -1.8 -1.1 -0.38 -1.89
01/01/2023 0.15 -1.51 -1.63 -1.62 -1.15 -1.82
02/01/2023 -1.44 -1.73 -1.91 -2.18 -1.48 -2.06
03/01/2023 0.54 -0.17 -1.09 -1.54 -1.07 -1.68
04/01/2023 -1.77 -1.43 -2.08 -2.28 -2.27 -1.65
05/01/2023 2.22 1 0.01 -0.71 -1.12 -0.76
06/01/2023 0.26 0.76 0.37 -0.5 -0.9 -0.59
07/01/2023 0.22 1.51 0.36 -0.55 -0.82 -0.72
08/01/2023 -0.52 -0.11 0.63 -0.15 -0.76 -0.72
09/01/2023 0.68 0.06 0.63 0.3 -0.52 -0.53
10/01/2023 -0.48 -0.5 1.09 -0.03 -0.99 -0.56
11/01/2023 -1.46 -1.12 -1.27 -0.22 -0.99 -0.59
12/01/2023 0.16 -1.31 -1.33 -0.4 -0.58 -0.68
01/01/2024 1.55 0 -0.51 0.7 -0.11 -0.83
02/01/2024 -0.73 0.57 -0.67 -0.72 0.02 -1.01
03/01/2024 -0.79 0.04 -1.07 -1.05 -0.37 -1.14
04/01/2024 0.56 -0.51 -0.4 -0.8 0.33 -1.29
