40708
date spi1 spi2 spi3 spi4 spi5 spi6 spi7 spi8 spi9 spi10 spi11 spi12 spi18 spi24 spi36
01/01/1990 1.67 -99 -99 -99 -99 -99 -99 -99 -99 -99 -99 -99 -99 -99 -99
02/01/1990 0.72 1.47 -99 -99 -99 -99 -99 -99 -99 -99 -99 -99 -99 -99 -99
03/01/1990 0.78 0.87 1.33 -99 -99 -99 -99 -99 -99 -99 -99 -99 -99 -99 -99
04/01/1990 0.71 0.97 1.12 1.46 -99 -99 -99 -99 -99 -99 -99 -99 -99 -99 -99
05/01/1990 -2.21 -0.51 -0.04 0.19 0.78 -99 -99 -99 -99 -99 -99 -99 -99 -99 -99
06/01/1990 -0.48 -2.11 -0.74 -0.27 -0.08 0.5 -99 -99 -99 -99 -99 -99 -99 -99 -99
07/01/1990 -0.98 -1 -2.17 -0.91 -0.42 -0.23 0.36 -99 -99 -99 -99 -99 -99 -99 -99
08/01/1990 -0.31 -1.15 -1.08 -2.21 -1 -0.5 -0.3 0.28 -99 -99 -99 -99 -99 -99 -99
09/01/1990 -0.89 -1.12 -2.01 -1.7 -2.44 -1.27 -0.73 -0.51 0.11 -99 -99 -99 -99 -99 -99
10/01/1990 0.47 0.09 -0.12 -0.47 -0.9 -1.96 -1.26 -0.74 -0.48 0.21 -99 -99 -99 -99 -99
11/01/1990 -1.39 -0.55 -0.79 -0.98 -1.2 -1.45 -2.15 -1.61 -1.2 -0.99 -0.35 -99 -99 -99 -99
12/01/1990 0.97 -0.14 -0.05 -0.29 -0.46 -0.63 -0.85 -1.56 -1.13 -0.8 -0.62 -0.05 -99 -99 -99
01/01/1991 -0.45 0.56 -0.49 -0.33 -0.57 -0.73 -0.87 -1.07 -1.68 -1.33 -0.98 -0.79 -99 -99 -99
02/01/1991 0.16 -0.27 0.39 -0.46 -0.34 -0.58 -0.69 -0.82 -0.95 -1.55 -1.22 -0.9 -99 -99 -99
03/01/1991 2.34 1.88 1.4 1.7 0.91 1.02 0.83 0.76 0.61 0.37 -0.2 0.04 -99 -99 -99
04/01/1991 -1.26 1.2 1.08 0.71 1.08 0.39 0.5 0.3 0.22 0.08 -0.12 -0.69 -99 -99 -99
05/01/1991 0.83 -0.27 1.38 1.34 0.98 1.32 0.65 0.81 0.6 0.52 0.35 0.11 -99 -99 -99
06/01/1991 0.31 0.62 -0.23 1.14 1.11 0.85 1.14 0.56 0.69 0.5 0.43 0.28 0.52 -99 -99
07/01/1991 0.08 0.08 0.48 -0.3 1.04 1.01 0.77 1.04 0.49 0.6 0.43 0.36 0.08 -99 -99
08/01/1991 -0.73 -0.51 -0.14 0.34 -0.42 0.92 0.89 0.67 0.94 0.4 0.5 0.33 -0.1 -99 -99
09/01/1991 -1.89 -1.91 -1.51 -0.7 0.06 -0.69 0.74 0.69 0.5 0.78 0.23 0.31 -0.46 -99 -99
10/01/1991 -0.65 -1.17 -1.58 -1.78 -1.52 -0.56 -1.44 0.41 0.36 0.17 0.49 -0.12 -1.06 -99 -99
11/01/1991 -0.42 -1.05 -1.32 -1.58 -1.64 -1.45 -0.74 -1.43 0.01 -0.02 -0.16 0.11 -0.76 -99 -99
12/01/1991 0.9 0.14 -0.43 -0.71 -0.95 -0.99 -0.91 -0.42 -1.02 0.26 0.23 0.09 -0.41 -0.03 -99
01/01/1992 -0.61 0.37 -0.23 -0.81 -1.07 -1.3 -1.29 -1.17 -0.61 -1.27 0.08 0.06 -0.47 -0.5 -99
02/01/1992 0.17 -0.34 0.27 -0.23 -0.79 -1.05 -1.2 -1.19 -1.04 -0.58 -1.15 0.07 -0.38 -0.61 -99
03/01/1992 -0.33 -0.24 -0.47 -0.03 -0.38 -0.85 -1.08 -1.22 -1.23 -1.13 -0.71 -1.19 -0.34 -0.89 -99
04/01/1992 1.82 1.47 1.35 0.9 1.23 0.75 0.41 0.2 0.1 0.04 0.02 0.27 0.41 -0.34 -99
05/01/1992 0.4 1.79 1.39 1.35 0.96 1.26 0.81 0.49 0.26 0.15 0.08 0.05 0.91 0.05 -99
06/01/1992 2.23 1.93 2.61 2.23 2.22 1.83 2.1 1.69 1.55 1.35 1.29 1.17 1.43 1.07 -99
07/01/1992 0.7 2.16 1.79 2.55 2.19 2.19 1.83 2.06 1.67 1.54 1.35 1.29 1.59 1.19 -99
08/01/1992 1.71 1.41 2.27 2 2.72 2.36 2.36 2.01 2.25 1.87 1.76 1.58 1.75 1.44 -99
09/01/1992 0.53 1.2 1.26 2.3 1.91 2.73 2.4 2.38 2.07 2.32 1.91 1.77 1.03 1.58 -99
10/01/1992 -1.28 -0.83 -0.07 0.01 1.76 1.62 2.76 2.41 2.31 1.95 2.18 1.74 1.16 1.12 -99
11/01/1992 0.97 0.19 0.21 0.59 0.63 1.68 1.57 2.44 2.29 2.28 2.05 2.25 1.16 1.49 -99
12/01/1992 0.96 1.08 0.51 0.52 0.89 0.91 1.87 1.79 2.59 2.43 2.43 2.2 1.49 1.54 1.19
01/01/1993 0.65 1.3 1.29 0.69 0.7 1.09 1.08 2.04 1.88 2.79 2.61 2.6 1.7 1.76 1.05
02/01/1993 1.36 1.26 1.63 1.64 1.18 1.17 1.49 1.46 2.22 2.1 2.89 2.73 1.96 2.01 1.18
03/01/1993 0.75 1.24 1.17 1.49 1.59 1.23 1.24 1.52 1.51 2.24 2.18 2.81 2.22 1.54 1.2
04/01/1993 -0.51 0.02 0.68 0.72 1.09 1.35 0.97 0.95 1.25 1.25 2.07 2.01 2.15 1.67 1
05/01/1993 0.17 -0.42 0 0.6 0.68 1.02 1.35 0.99 0.99 1.34 1.31 2.2 2.53 1.67 1.34
06/01/1993 1.41 0.98 0.42 0.62 1.06 1.07 1.36 1.61 1.35 1.34 1.64 1.6 2.48 2.07 1.82
07/01/1993 0.26 1.22 0.85 0.36 0.57 0.99 1.02 1.28 1.53 1.26 1.27 1.56 2.61 2.08 1.85
08/01/1993 0.87 0.49 1.2 0.9 0.44 0.62 1.02 1.05 1.31 1.56 1.3 1.3 2.58 2.15 1.97
09/01/1993 -0.88 -0.06 -0.26 0.88 0.64 0.22 0.44 0.85 0.91 1.18 1.44 1.13 2.65 2.17 1.94
10/01/1993 -0.26 -0.68 -0.54 -0.66 0.41 0.33 -0.13 0.19 0.69 0.79 1.08 1.41 2.05 2.12 1.61
11/01/1993 2.08 1.73 1.47 1.58 1.53 1.86 1.67 1.48 1.65 1.99 2.02 2.24 2.78 2.73 2.37
12/01/1993 0.62 1.91 1.74 1.55 1.72 1.63 1.93 1.77 1.54 1.7 2.04 2.06 2.35 2.75 2.29
01/01/1994 -0.78 -0.1 1.94 1.7 1.46 1.6 1.47 1.8 1.59 1.41 1.56 1.91 2.25 2.84 2.37
02/01/1994 -0.39 -0.86 -0.36 1.7 1.51 1.28 1.35 1.24 1.54 1.39 1.18 1.34 1.8 2.77 2.29
03/01/1994 -0.13 -0.41 -0.67 -0.38 1.35 1.18 1 1.07 1 1.34 1.25 0.99 1.68 2.87 1.75
04/01/1994 -0.41 -0.62 -0.86 -0.98 -0.73 1.11 0.95 0.74 0.81 0.75 1.13 1.06 1.75 2.19 1.99
05/01/1994 0.65 0.04 -0.17 -0.44 -0.61 -0.43 1.3 1.2 0.98 1.07 0.97 1.35 1.69 2.54 2.02
06/01/1994 0.06 0.36 -0.09 -0.24 -0.47 -0.62 -0.47 1.07 0.95 0.77 0.85 0.77 1.3 1.78 2.1
07/01/1994 -0.42 -0.32 0.18 -0.23 -0.36 -0.58 -0.73 -0.57 0.95 0.82 0.64 0.71 1.15 1.66 2.05
08/01/1994 -0.73 -1.02 -0.52 0.03 -0.35 -0.46 -0.67 -0.81 -0.66 0.86 0.71 0.54 0.77 1.36 2.09
09/01/1994 -0.4 -0.91 -1.5 -0.95 -0.17 -0.55 -0.64 -0.84 -0.99 -0.85 0.74 0.57 0.52 1.25 2.09
10/01/1994 -0.21 -0.54 -0.87 -1.24 -1.32 -0.59 -1.02 -1.11 -1.29 -1.42 -1.22 0.62 0.65 1.35 1.97
11/01/1994 2.64 2.36 2.13 2.13 2.03 1.84 1.81 1.67 1.54 1.4 1.16 1.26 2.17 2.13 2.89
12/01/1994 -0.41 2.22 2.11 1.96 2.02 1.86 1.65 1.66 1.46 1.33 1.19 0.96 1.88 1.95 2.7
01/01/1995 -0.3 -0.93 2.43 2.25 2.03 2.04 1.82 1.58 1.56 1.4 1.26 1.11 1.89 1.89 2.85
02/01/1995 -0.05 -0.33 -0.73 2.26 2.16 1.96 1.87 1.67 1.4 1.42 1.24 1.11 1.68 1.62 2.8
03/01/1995 -0.09 -0.2 -0.33 -0.6 1.86 1.77 1.62 1.56 1.4 1.22 1.29 1.06 1.71 1.48 2.87
04/01/1995 0.01 -0.24 -0.36 -0.42 -0.68 1.81 1.74 1.55 1.47 1.32 1.14 1.23 1.72 1.6 2.54
05/01/1995 -1.61 -1.1 -1.11 -1.22 -1.12 -1.42 1.38 1.31 1.13 1.05 0.87 0.7 0.25 1.44 2.35
06/01/1995 0.9 -0.43 -0.47 -0.54 -0.66 -0.68 -0.93 1.41 1.35 1.19 1.12 0.97 0.29 1.28 1.98
07/01/1995 -0.17 0.6 -0.51 -0.57 -0.63 -0.74 -0.75 -0.99 1.29 1.22 1.08 1 0.38 1.23 1.88
08/01/1995 -0.64 -0.75 0.38 -0.65 -0.68 -0.72 -0.82 -0.83 -1.07 1.2 1.11 0.97 0.44 1.1 1.7
09/01/1995 2.03 1.73 1.56 1.42 0.48 0.31 0.15 0.05 -0.06 -0.28 1.76 1.71 1.04 1.72 2.05
10/01/1995 0.13 1.2 1.11 1 1.23 0.36 0.2 0.04 -0.07 -0.18 -0.41 1.9 1.29 1.71 2.06
11/01/1995 -1.79 -1.01 0.26 0.13 0 0.27 -0.33 -0.46 -0.58 -0.68 -0.75 -0.98 0.6 0.22 1.39
12/01/1995 -0.7 -1.58 -1.37 -0.1 -0.27 -0.38 -0.06 -0.63 -0.74 -0.84 -0.93 -0.99 0.53 0.01 1.14
01/01/1996 0.21 -0.66 -1.39 -1.39 -0.12 -0.28 -0.37 -0.05 -0.59 -0.73 -0.83 -0.92 0.64 0.15 1.11
02/01/1996 0.45 0.33 -0.2 -1.03 -1.16 -0.03 -0.15 -0.24 0.04 -0.47 -0.58 -0.67 0.73 0.31 0.94
03/01/1996 0.14 0.25 0.23 -0.12 -0.8 -0.92 -0.03 -0.13 -0.22 0.03 -0.45 -0.52 0.83 0.4 0.85
04/01/1996 0.89 0.73 0.76 0.64 0.37 -0.31 -0.44 0.38 0.28 0.19 0.38 -0.1 1.2 0.8 1.26
05/01/1996 0.11 0.71 0.58 0.65 0.57 0.3 -0.4 -0.58 0.32 0.21 0.11 0.32 -0.64 0.68 1.27
06/01/1996 -0.48 -0.29 0.34 0.26 0.32 0.31 0.05 -0.56 -0.74 0.07 -0.03 -0.11 -0.61 0.62 0.94
07/01/1996 -0.64 -0.92 -0.44 0.17 0.12 0.18 0.19 -0.07 -0.66 -0.84 -0.05 -0.15 -0.63 0.61 0.88
08/01/1996 -0.04 -0.74 -0.91 -0.52 0.1 0.05 0.11 0.13 -0.13 -0.71 -0.89 -0.11 -0.58 0.62 0.83
09/01/1996 0.47 0.18 -0.38 -0.71 -0.43 0.11 0.06 0.12 0.14 -0.13 -0.72 -0.87 -0.51 0.73 0.92
10/01/1996 -0.21 -0.16 -0.35 -0.7 -1.13 -0.88 -0.24 -0.26 -0.16 -0.11 -0.41 -1.05 -0.65 0.69 0.85
11/01/1996 0.04 -0.36 -0.29 -0.41 -0.6 -0.86 -0.73 -0.29 -0.32 -0.25 -0.22 -0.5 -0.32 -0.95 -0.06
12/01/1996 -0.94 -0.46 -0.81 -0.75 -0.93 -1.08 -1.28 -1.1 -0.61 -0.63 -0.55 -0.5 -0.81 -1.02 -0.3
01/01/1997 1.74 0.91 0.36 0.03 0.05 -0.05 -0.2 -0.43 -0.38 0 -0.03 0.03 -0.24 -0.6 0.07
02/01/1997 1.14 1.77 1.24 0.74 0.47 0.47 0.39 0.24 0 -0.02 0.33 0.29 0.14 -0.3 0.33
03/01/1997 1.97 1.99 2.19 1.93 1.46 1.32 1.31 1.27 1.11 0.85 0.77 1.04 0.33 0.39 0.88
04/01/1997 -2.22 0.57 1 1.4 1.16 0.86 0.69 0.67 0.62 0.48 0.25 0.22 -0.12 0.03 0.73
05/01/1997 0.06 -1.36 0.42 0.84 1.31 1.05 0.8 0.63 0.63 0.57 0.41 0.17 0.28 0.29 0.58
06/01/1997 1.74 1.26 0.2 1.17 1.48 1.78 1.59 1.35 1.28 1.26 1.23 1.06 0.97 0.69 1.13
07/01/1997 2.04 2.25 1.73 0.86 1.63 1.92 2.15 1.97 1.72 1.71 1.7 1.67 1.36 1.15 1.48
08/01/1997 -1.39 1.61 1.96 1.57 0.73 1.5 1.77 2.03 1.85 1.62 1.59 1.57 1.21 1.12 1.51
09/01/1997 0.88 0.46 1.66 2.09 1.6 0.86 1.62 1.88 2.16 2 1.74 1.69 1.35 0.72 1.64
10/01/1997 -0.21 0.11 -0.15 0.87 1.81 1.52 0.68 1.69 1.96 2.29 2.04 1.77 1.05 0.59 1.5
11/01/1997 -0.01 -0.4 -0.13 -0.31 0.44 1.17 1 0.37 1.21 1.49 1.87 1.64 0.83 0.74 0.16
12/01/1997 -0.02 -0.15 -0.51 -0.28 -0.49 0.29 1.04 0.9 0.26 1.08 1.36 1.75 0.99 0.87 0.19
01/01/1998 2.29 1.97 0.93 0.63 0.76 0.66 1.24 1.82 1.57 1.07 1.81 2.08 1.76 1.37 0.66
02/01/1998 1.92 2.64 2.43 1.61 1.43 1.53 1.42 1.86 2.23 2.01 1.57 2.22 2.18 1.73 1.04
03/01/1998 -0.47 0.97 1.71 1.62 1.18 1.01 1.12 1.03 1.48 1.92 1.78 1.27 2 1.68 1.01
04/01/1998 0.31 -0.2 0.91 1.6 1.58 1.21 1.08 1.17 1.08 1.53 1.99 1.84 2.08 1.5 1.16
05/01/1998 0.94 0.77 0.35 1.26 1.87 1.86 1.53 1.49 1.59 1.51 1.95 2.4 2.56 1.9 1.64
06/01/1998 0.14 0.63 0.56 0.22 0.98 1.59 1.56 1.3 1.23 1.33 1.25 1.67 2.48 2.04 1.58
07/01/1998 0.37 0.06 0.55 0.52 0.2 0.93 1.54 1.49 1.24 1.17 1.27 1.2 2.16 2.1 1.6
08/01/1998 -0.24 -0.07 -0.1 0.43 0.42 0.11 0.83 1.45 1.4 1.16 1.08 1.18 1.85 2.06 1.64
09/01/1998 0.09 -0.27 -0.36 -0.31 0.31 0.32 0.03 0.76 1.41 1.36 1.12 1 1.24 2.01 1.18
10/01/1998 -0.3 -0.45 -0.7 -0.78 -0.87 -0.08 -0.02 -0.35 0.56 1.36 1.27 1.01 1.68 1.87 0.99
11/01/1998 -0.22 -0.65 -0.69 -0.86 -0.85 -0.89 -0.29 -0.26 -0.52 0.22 0.97 0.88 1.37 1.52 1.05
12/01/1998 0.35 -0.1 -0.52 -0.61 -0.8 -0.77 -0.79 -0.27 -0.23 -0.47 0.24 0.96 0.95 1.74 1.16
01/01/1999 -0.33 -0.16 -0.4 -0.8 -0.86 -1.04 -0.97 -0.97 -0.4 -0.37 -0.61 0.12 0.43 1.42 1.14
02/01/1999 -1.92 -1.35 -0.97 -1 -1.44 -1.48 -1.6 -1.49 -1.37 -0.77 -0.73 -0.95 0.19 1.02 0.92
03/01/1999 0.26 -0.6 -0.66 -0.54 -0.71 -1.07 -1.14 -1.24 -1.19 -1.16 -0.68 -0.61 0.13 0.52 0.97
04/01/1999 -0.01 0 -0.7 -0.71 -0.64 -0.82 -1.2 -1.23 -1.34 -1.28 -1.25 -0.78 0.21 0.87 0.79
05/01/1999 0.45 0.17 0.16 -0.45 -0.5 -0.46 -0.73 -1.19 -1.24 -1.37 -1.29 -1.25 0.42 1.04 0.86
06/01/1999 -0.77 -0.07 -0.2 -0.14 -0.67 -0.7 -0.68 -0.9 -1.32 -1.37 -1.49 -1.42 0.28 0.34 0.91
07/01/1999 0.67 -0.28 0.05 -0.11 -0.07 -0.58 -0.62 -0.59 -0.82 -1.21 -1.27 -1.38 -0.34 -0.05 0.99
08/01/1999 0.2 0.38 -0.3 0 -0.15 -0.11 -0.59 -0.64 -0.62 -0.84 -1.22 -1.27 -0.91 0 1.03
09/01/1999 0.77 0.54 0.57 -0.06 0.14 -0.02 0 -0.47 -0.54 -0.53 -0.75 -1.1 -0.67 -0.03 1.06
10/01/1999 1.33 1.36 1.36 1.46 1.02 1 0.86 0.81 0.31 0.15 0.18 -0.11 -0.17 0.59 1.42
11/01/1999 0.26 1 1.03 1.01 1.04 0.72 0.73 0.64 0.63 0.24 0.12 0.13 -0.49 0.59 1.33
12/01/1999 -1.53 -0.37 0.51 0.6 0.58 0.61 0.3 0.38 0.26 0.27 -0.12 -0.23 -0.79 0.46 1.28
01/01/2000 0.88 -0.3 -0.09 0.79 0.87 0.86 0.86 0.53 0.58 0.49 0.49 0.1 -0.6 0.09 1.17
02/01/2000 0.24 0.63 -0.13 -0.07 0.78 0.86 0.82 0.82 0.5 0.55 0.46 0.46 -0.48 -0.35 1.01
03/01/2000 2.44 2 1.87 1.51 1.21 1.83 1.89 1.87 1.84 1.51 1.5 1.39 0.62 0.63 1.2
04/01/2000 -0.94 1.41 1.31 1.3 0.97 0.81 1.5 1.53 1.5 1.48 1.18 1.19 0.46 0.33 1.4
05/01/2000 -1.3 -1.85 0.64 0.62 0.78 0.39 0.31 1.09 1.17 1.15 1.13 0.8 0.31 -0.3 1.22
06/01/2000 -0.26 -1.32 -1.81 0.36 0.34 0.53 0.17 0.12 0.79 0.87 0.84 0.85 0.14 -0.39 0.77
07/01/2000 0.23 -0.33 -1.16 -1.74 0.3 0.29 0.48 0.13 0.08 0.72 0.81 0.78 0.2 -0.4 0.42
08/01/2000 0.34 0.09 -0.28 -1.1 -1.68 0.28 0.26 0.46 0.11 0.06 0.69 0.77 0.48 -0.35 0.48
09/01/2000 0.29 0.16 -0.06 -0.37 -1.03 -1.67 0.24 0.22 0.43 0.07 0.03 0.65 0.45 -0.33 0.37
10/01/2000 0.6 0.48 0.43 0.33 -0.02 -0.77 -1.52 0.45 0.43 0.64 0.24 0.19 0.71 -0.01 0.54
11/01/2000 0.46 0.55 0.48 0.45 0.39 0.16 -0.36 -0.91 0.47 0.46 0.65 0.3 0.61 0.22 0.62
12/01/2000 0.09 0.28 0.42 0.36 0.34 0.28 0.07 -0.44 -0.94 0.39 0.39 0.57 0.8 0.19 0.62
01/01/2001 -0.11 -0.27 0.11 0.31 0.26 0.23 0.18 -0.03 -0.5 -1.04 0.33 0.32 0.73 0.22 0.18
02/01/2001 -2.31 -1.26 -1.15 -0.51 -0.27 -0.3 -0.33 -0.35 -0.48 -0.91 -1.41 -0.06 0.4 0.22 -0.39
03/01/2001 -1.25 -2.13 -1.57 -1.5 -0.93 -0.72 -0.74 -0.77 -0.77 -0.88 -1.28 -1.68 0.03 -0.03 -0.47
04/01/2001 0.23 -0.68 -1.47 -1.21 -1.27 -0.88 -0.71 -0.71 -0.74 -0.74 -0.86 -1.25 -0.48 0.04 -0.52
05/01/2001 -1.05 -0.59 -1.28 -2.08 -1.73 -1.82 -1.46 -1.4 -1.38 -1.45 -1.39 -1.45 -0.87 -0.43 -1.07
06/01/2001 -2.04 -1.52 -0.96 -1.49 -2.18 -1.89 -1.97 -1.63 -1.58 -1.56 -1.62 -1.56 -0.74 -0.49 -1.24
07/01/2001 0.04 -1.12 -1.41 -1.01 -1.5 -2.17 -1.91 -1.97 -1.64 -1.59 -1.58 -1.63 -1.01 -0.57 -1.26
08/01/2001 0.45 0.03 -0.77 -1.29 -0.96 -1.44 -2.06 -1.85 -1.91 -1.61 -1.55 -1.54 -0.98 -0.53 -1.23
09/01/2001 -0.52 -0.32 -0.65 -1.25 -1.47 -1.19 -1.67 -2.28 -2.08 -2.17 -1.82 -1.73 -2.34 -0.75 -1.26
10/01/2001 1.1 0.8 0.79 0.69 0.12 -0.53 -0.5 -1.1 -1.68 -1.57 -1.63 -1.37 -1.59 -0.83 -0.71
11/01/2001 0.58 1.02 0.79 0.8 0.71 0.34 -0.12 -0.13 -0.61 -1.1 -1.11 -1.18 -0.93 -0.55 -0.39
12/01/2001 0.42 0.53 0.99 0.8 0.83 0.73 0.37 -0.08 -0.07 -0.52 -0.99 -1 -0.8 -0.28 -0.39
01/01/2002 -1.25 -0.63 0.07 0.7 0.49 0.49 0.39 0.03 -0.38 -0.39 -0.85 -1.33 -1.07 -0.63 -0.52
02/01/2002 -1.8 -2.07 -1.34 -0.49 0.2 0 -0.01 -0.08 -0.38 -0.74 -0.74 -1.17 -1.31 -0.88 -0.5
03/01/2002 -0.57 -1.36 -1.61 -1.29 -0.68 -0.1 -0.27 -0.28 -0.33 -0.6 -0.95 -0.89 -1.43 -1.99 -0.63
04/01/2002 0.79 0.24 -0.42 -0.73 -0.62 -0.29 0.25 0.08 0.08 0.01 -0.27 -0.62 -1.23 -1.41 -0.42
05/01/2002 0.89 1.12 0.65 0.09 -0.26 -0.18 0.02 0.58 0.4 0.4 0.31 -0.01 -1.15 -1.09 -0.39
06/01/2002 -1.4 0.25 0.62 0.23 -0.25 -0.52 -0.47 -0.25 0.22 0.07 0.06 0 -1.25 -1.22 -0.41
07/01/2002 1.83 0.68 0.87 1.1 0.71 0.29 -0.02 0.03 0.18 0.65 0.5 0.5 -0.85 -0.81 -0.16
08/01/2002 0.24 1.53 0.56 0.79 1.03 0.66 0.25 -0.05 0 0.15 0.61 0.46 -0.5 -0.8 -0.15
09/01/2002 -0.8 -0.62 0.93 0.17 0.54 0.84 0.48 0.06 -0.23 -0.19 -0.02 0.44 -0.31 -0.93 -0.31
10/01/2002 -1.41 -1.85 -1.9 -0.35 -0.97 -0.19 0.27 -0.1 -0.61 -0.89 -0.81 -0.56 -0.79 -1.39 -0.96
11/01/2002 0.17 -0.78 -1.01 -1.1 -0.27 -0.65 -0.16 0.16 -0.13 -0.55 -0.82 -0.77 -0.49 -1.25 -0.85
12/01/2002 1.18 0.64 -0.05 -0.28 -0.37 0.25 -0.1 0.25 0.54 0.27 -0.11 -0.38 0.07 -0.94 -0.47
01/01/2003 0.21 1.25 0.63 -0.08 -0.31 -0.39 0.25 -0.09 0.25 0.56 0.28 -0.1 0.13 -0.93 -0.63
02/01/2003 0.3 0.23 0.96 0.61 -0.04 -0.27 -0.31 0.27 -0.04 0.26 0.55 0.3 0.16 -0.61 -0.6
03/01/2003 0.99 0.82 0.67 1.15 0.87 0.38 0.2 0.16 0.61 0.31 0.56 0.79 0.58 -0.07 -1.08
04/01/2003 1.42 1.76 1.67 1.38 1.84 1.52 1.15 0.95 0.92 1.29 0.96 1.15 0.73 0.4 -0.45
05/01/2003 -0.52 0.92 1.25 1.26 1.08 1.53 1.31 0.92 0.71 0.69 1.11 0.75 0.44 0.48 -0.42
06/01/2003 0.31 -0.38 0.76 1.03 1.04 0.93 1.32 1.15 0.78 0.6 0.58 0.96 0.35 0.69 -0.32
07/01/2003 -0.69 -0.11 -0.53 0.58 0.87 0.88 0.8 1.16 1.01 0.64 0.47 0.44 0.47 0.65 -0.37
08/01/2003 1.27 0.52 0.34 -0.19 0.76 1.01 1.01 0.93 1.28 1.12 0.78 0.61 0.85 0.76 -0.26
09/01/2003 0.11 0.65 0.17 0.13 -0.27 0.67 0.94 0.94 0.88 1.24 1.08 0.7 1 0.82 -0.28
10/01/2003 -1.71 -1.42 -0.8 -1.21 -1.09 -1.29 0 0.45 0.46 0.43 0.85 0.71 0.45 0.07 -0.65
11/01/2003 -0.1 -1.18 -1.15 -0.82 -1.03 -0.95 -1.1 -0.19 0.17 0.19 0.19 0.55 -0.01 -0.15 -0.7
12/01/2003 0.01 -0.2 -1.14 -1.2 -0.97 -1.12 -1.02 -1.19 -0.27 0.08 0.1 0.11 0.15 -0.22 -0.74
01/01/2004 -0.1 -0.35 -0.41 -1.34 -1.37 -1.11 -1.22 -1.11 -1.22 -0.36 0.01 0.03 -0.3 -0.09 -0.8
02/01/2004 -1.32 -0.93 -0.96 -0.9 -1.88 -1.89 -1.56 -1.64 -1.42 -1.51 -0.65 -0.28 -0.52 -0.05 -0.73
03/01/2004 -0.47 -1.11 -0.92 -0.98 -0.98 -1.79 -1.84 -1.58 -1.67 -1.52 -1.64 -0.78 -0.51 0 -0.6
04/01/2004 1.32 0.86 0.3 0.17 0.09 -0.13 -0.81 -0.85 -0.64 -0.75 -0.71 -0.89 0.39 0.23 -0.26
05/01/2004 1.57 2.03 1.58 1.17 0.92 0.86 0.56 -0.03 -0.1 0.1 -0.04 -0.06 0.98 0.45 0.3
06/01/2004 -0.81 0.9 1.48 1.09 0.73 0.59 0.52 0.27 -0.29 -0.35 -0.18 -0.29 0.45 0.49 0.36
07/01/2004 2.04 0.94 1.46 1.94 1.55 1.25 1.07 1 0.74 0.29 0.22 0.39 0.84 0.56 0.72
08/01/2004 -1.56 1.6 0.68 1.29 1.8 1.43 1.12 0.96 0.89 0.65 0.19 0.12 0.74 0.5 0.68
09/01/2004 -1.66 -2.77 0.97 0.26 1.02 1.61 1.26 0.93 0.8 0.73 0.48 -0.01 0.36 0.48 0.65
10/01/2004 0.2 -0.23 -0.54 0.59 0.1 1.02 1.8 1.42 1 0.85 0.76 0.49 -0.26 0.77 0.31
11/01/2004 0.95 0.73 0.46 0.32 0.94 0.62 1.15 1.74 1.52 1.24 1.12 1.04 0.27 0.94 0.42
12/01/2004 0.78 0.98 0.87 0.64 0.54 1.12 0.8 1.31 1.84 1.63 1.36 1.25 0.48 0.87 0.47
01/01/2005 -0.41 0.34 0.84 0.75 0.49 0.36 0.99 0.65 1.18 1.79 1.56 1.27 0.48 0.81 0.55
02/01/2005 -0.49 -0.7 -0.1 0.56 0.5 0.24 0.11 0.74 0.43 0.97 1.53 1.31 0.18 0.7 0.65
03/01/2005 0.14 -0.24 -0.4 -0.05 0.46 0.41 0.21 0.09 0.65 0.38 0.92 1.38 0.25 0.51 0.8
04/01/2005 -0.44 -0.43 -0.73 -0.76 -0.42 0.16 0.11 -0.1 -0.22 0.37 0.12 0.7 0.42 -0.14 0.55
05/01/2005 1.8 1.02 0.86 0.59 0.35 0.6 0.98 1.03 0.79 0.69 1.22 0.88 1.22 0.55 0.81
06/01/2005 0.48 1.47 0.91 0.77 0.54 0.35 0.56 0.9 0.93 0.73 0.64 1.11 1.2 0.61 1.06
07/01/2005 0.25 0.3 1.28 0.83 0.7 0.49 0.31 0.51 0.84 0.86 0.67 0.58 1.24 0.67 0.77
08/01/2005 -0.09 -0.13 0.15 1.16 0.74 0.62 0.41 0.25 0.44 0.77 0.79 0.6 1.39 0.49 0.77
09/01/2005 0.8 0.49 0.29 0.32 1.2 0.84 0.73 0.52 0.35 0.54 0.86 0.87 1.64 0.62 0.92
10/01/2005 -0.01 0.2 0.03 -0.08 -0.02 1.12 0.75 0.66 0.41 0.23 0.44 0.83 1.22 0.85 1.02
11/01/2005 0.74 0.4 0.51 0.43 0.37 0.38 1.08 0.85 0.81 0.62 0.47 0.64 0.81 0.99 1.09
12/01/2005 -1.05 0.2 -0.05 0.09 -0.02 -0.06 -0.01 0.8 0.54 0.49 0.31 0.17 0.83 0.91 0.74
01/01/2006 0.64 -0.4 0.33 0.1 0.25 0.16 0.11 0.15 0.91 0.68 0.63 0.45 0.52 1.06 0.83
02/01/2006 -0.21 0.2 -0.48 0.14 -0.07 0.08 0 -0.04 0.02 0.77 0.53 0.49 0.48 1.19 0.76
03/01/2006 -0.54 -0.62 -0.21 -0.68 -0.14 -0.33 -0.19 -0.27 -0.29 -0.22 0.53 0.29 0.46 1.22 0.49
04/01/2006 0.69 0.15 -0.07 0.15 -0.24 0.13 -0.03 0.09 0.02 -0.01 0.03 0.74 0.65 0.99 0.27
05/01/2006 -1.34 -0.24 -0.63 -0.83 -0.45 -0.88 -0.45 -0.71 -0.53 -0.64 -0.63 -0.52 -0.04 0.24 0.1
06/01/2006 -2.5 -1.79 -0.64 -0.91 -1.08 -0.71 -1.12 -0.7 -0.96 -0.79 -0.89 -0.87 -0.42 0.21 -0.03
07/01/2006 -2.08 -3.33 -1.91 -0.83 -1.06 -1.23 -0.85 -1.24 -0.82 -1.08 -0.92 -1.01 -0.44 -0.33 -0.04
08/01/2006 -1.89 -3.18 -3.62 -2.06 -0.96 -1.17 -1.31 -0.95 -1.33 -0.91 -1.17 -1.01 -0.34 -0.32 -0.2
09/01/2006 -0.21 -0.78 -1.71 -2.22 -2.09 -1.13 -1.34 -1.47 -1.1 -1.52 -1.05 -1.3 -0.44 -0.28 -0.23
10/01/2006 0.55 0.28 0.05 -0.3 -0.94 -1.63 -1.04 -1.34 -1.45 -1.07 -1.47 -1.01 -0.11 -0.12 0.16
11/01/2006 -0.01 0.17 0 -0.17 -0.38 -0.78 -1.27 -0.91 -1.2 -1.34 -1.08 -1.44 -0.96 -0.46 0.18
12/01/2006 0.04 -0.12 0.03 -0.13 -0.32 -0.5 -0.86 -1.34 -0.96 -1.23 -1.36 -1.11 -1.15 -0.63 0.17
01/01/2007 -0.74 -0.82 -0.57 -0.32 -0.48 -0.67 -0.83 -1.16 -1.55 -1.23 -1.48 -1.61 -1.36 -0.71 0.09
02/01/2007 0.46 -0.17 -0.29 -0.38 -0.2 -0.35 -0.5 -0.65 -0.91 -1.31 -1.02 -1.25 -1.12 -0.52 0.3
03/01/2007 1.19 1.05 0.59 0.5 0.24 0.38 0.25 0.13 -0.01 -0.29 -0.72 -0.45 -0.74 -0.17 0.67
04/01/2007 1.7 2.15 2.11 1.53 1.53 1.17 1.36 1.2 1.11 0.94 0.62 0.19 0.15 0.62 0.87
05/01/2007 -1.12 1.01 1.44 1.52 1.08 1.03 0.76 0.98 0.83 0.73 0.53 0.2 -0.44 -0.29 0.25
06/01/2007 0.9 -0.2 1.11 1.43 1.49 1.14 1.11 0.87 1.07 0.94 0.85 0.68 0 -0.16 0.56
07/01/2007 -0.05 0.63 -0.28 0.99 1.31 1.37 1.05 1 0.77 0.96 0.84 0.75 -0.18 -0.19 0.19
08/01/2007 0.62 0.11 0.61 -0.22 0.98 1.29 1.34 1.05 1 0.78 0.96 0.84 -0.05 -0.12 0.27
09/01/2007 -1.66 -0.39 -0.77 0.18 -0.5 0.76 1.12 1.17 0.9 0.84 0.62 0.78 -0.01 -0.36 0.27
10/01/2007 -1.4 -2 -1.71 -1.97 -0.94 -1.52 0.17 0.73 0.78 0.49 0.41 0.2 -0.65 -0.6 0
11/01/2007 -0.56 -1.59 -1.87 -1.78 -1.87 -1.14 -1.51 -0.25 0.23 0.29 0.09 -0.01 -0.55 -0.9 -0.38
12/01/2007 1.54 0.53 -0.18 -0.45 -0.47 -0.55 -0.2 -0.65 0.38 0.78 0.84 0.63 0.17 -0.3 -0.2
01/01/2008 -1.48 0.94 0.04 -0.76 -1.02 -1.04 -1.07 -0.63 -1 0.06 0.5 0.56 0.02 -0.63 -0.33
02/01/2008 1.15 0.19 1.27 0.48 -0.2 -0.46 -0.43 -0.49 -0.16 -0.55 0.38 0.76 0.38 -0.31 -0.04
03/01/2008 -0.8 0.2 -0.33 0.57 0.08 -0.53 -0.75 -0.73 -0.78 -0.46 -0.82 0.09 0.25 -0.33 -0.17
04/01/2008 -1.13 -1.7 -0.7 -1.02 -0.09 -0.49 -1.17 -1.36 -1.33 -1.36 -0.98 -1.32 -0.23 -0.83 -0.29
05/01/2008 -0.12 -1.06 -1.51 -0.83 -1.1 -0.25 -0.68 -1.48 -1.69 -1.7 -1.68 -1.24 -0.23 -0.78 -0.96
06/01/2008 -1.03 -0.61 -1.34 -1.64 -1.03 -1.27 -0.51 -0.88 -1.62 -1.81 -1.81 -1.8 -0.36 -0.78 -1.17
07/01/2008 -0.21 -1.12 -0.68 -1.42 -1.69 -1.11 -1.34 -0.59 -0.94 -1.66 -1.86 -1.86 -0.28 -0.74 -1.19
08/01/2008 -0.06 -0.5 -1.07 -0.75 -1.46 -1.72 -1.14 -1.37 -0.64 -0.99 -1.7 -1.88 -0.36 -0.69 -1.21
09/01/2008 1.25 0.96 0.65 -0.04 -0.18 -0.9 -1.24 -0.74 -1.02 -0.35 -0.71 -1.33 -0.52 -0.38 -1.07
10/01/2008 1.53 1.74 1.76 1.72 1.26 0.93 0.26 -0.19 0.24 -0.13 0.54 0.11 -0.69 0.15 -0.41
11/01/2008 -1.38 0.59 0.86 0.8 0.68 0.34 0.18 -0.37 -0.73 -0.36 -0.66 -0.06 -0.78 -0.09 -0.77
12/01/2008 -0.08 -0.97 0.39 0.69 0.65 0.52 0.19 0.05 -0.48 -0.82 -0.46 -0.75 -1.15 -0.09 -0.68
01/01/2009 -1.53 -1.48 -1.82 -0.08 0.31 0.23 0.11 -0.21 -0.29 -0.86 -1.21 -0.81 -1.44 -0.18 -1
02/01/2009 -0.71 -1.52 -1.5 -2.02 -0.41 0.01 -0.08 -0.18 -0.44 -0.49 -1.02 -1.34 -1.56 -0.36 -1.04
03/01/2009 -2.23 -1.97 -2.2 -2.14 -2.54 -1.05 -0.65 -0.73 -0.8 -1.01 -1.03 -1.48 -1.82 -1.05 -1.2
04/01/2009 0.21 -1.06 -1.41 -1.63 -1.77 -2.26 -1.05 -0.63 -0.71 -0.78 -0.99 -1.02 -1.3 -1.76 -1.42
05/01/2009 -0.31 -0.18 -1.17 -1.57 -1.75 -1.92 -2.53 -1.45 -0.99 -1.1 -1.14 -1.33 -1.26 -1.95 -1.4
06/01/2009 1.19 0.51 0.41 -0.38 -0.69 -0.97 -1.12 -1.68 -0.79 -0.44 -0.52 -0.58 -1.36 -1.87 -1
07/01/2009 -1.19 0.82 0.27 0.22 -0.53 -0.84 -1.1 -1.24 -1.78 -0.91 -0.57 -0.65 -1.25 -1.91 -0.98
08/01/2009 -0.04 -0.93 0.64 0.18 0.14 -0.58 -0.88 -1.14 -1.28 -1.82 -0.95 -0.61 -1.54 -1.95 -0.97
09/01/2009 1.81 1.55 1.25 1.42 0.88 0.81 0.11 -0.16 -0.47 -0.62 -1.15 -0.32 -0.81 -1.3 -0.51
10/01/2009 -1.29 0.43 0.29 -0.01 0.63 0.27 0.25 -0.56 -0.86 -1.17 -1.3 -1.89 -0.87 -1.21 -0.82
11/01/2009 0.95 0.16 0.83 0.78 0.61 0.94 0.67 0.66 0.07 -0.18 -0.49 -0.62 -0.37 -0.46 -0.38
12/01/2009 -0.08 0.65 -0.02 0.67 0.62 0.44 0.79 0.55 0.53 -0.04 -0.28 -0.58 -0.27 -0.92 -0.43
01/01/2010 -0.25 -0.57 0.49 -0.22 0.55 0.49 0.3 0.69 0.44 0.44 -0.15 -0.4 -0.29 -0.82 -0.41
02/01/2010 0.16 -0.15 -0.36 0.42 -0.24 0.52 0.44 0.27 0.62 0.4 0.4 -0.15 -0.23 -1.05 -0.45
03/01/2010 0.45 0.32 0.1 -0.04 0.47 -0.05 0.56 0.51 0.35 0.66 0.47 0.46 -0.33 -0.74 -0.62
04/01/2010 0.95 0.97 0.86 0.58 0.49 0.86 0.4 0.97 0.92 0.75 1.02 0.81 -0.65 -0.13 -0.97
05/01/2010 0.22 0.83 0.85 0.8 0.57 0.46 0.86 0.39 1.02 0.98 0.78 1.06 -0.25 -0.15 -0.83
06/01/2010 0.7 0.42 0.86 0.86 0.81 0.63 0.53 0.87 0.47 1.02 0.98 0.81 -0.05 0.15 -0.91
07/01/2010 -1.91 0.27 0.18 0.66 0.68 0.64 0.48 0.38 0.72 0.32 0.86 0.81 0.08 0.11 -0.94
08/01/2010 1.66 0.86 0.8 0.58 0.96 0.95 0.91 0.73 0.64 0.95 0.58 1.09 0.47 0.37 -0.78
09/01/2010 -0.68 0.72 0.2 0.44 0.34 0.77 0.79 0.74 0.59 0.49 0.82 0.42 0.77 0.03 -0.75
10/01/2010 -1.06 -1.47 -0.48 -0.91 -0.5 -0.36 0.26 0.36 0.31 0.18 0.05 0.48 0.51 -0.92 -0.65
11/01/2010 -1.95 -2.34 -2.48 -1.44 -1.71 -1.21 -0.93 -0.43 -0.32 -0.35 -0.43 -0.56 0.12 -0.78 -0.67
12/01/2010 -3 -2.92 -3.27 -3.5 -2.39 -2.57 -1.89 -1.5 -0.9 -0.76 -0.78 -0.84 -0.55 -0.98 -1.24
01/01/2011 -0.26 -1.95 -2.29 -3.14 -3.32 -2.52 -2.61 -1.99 -1.56 -1.04 -0.89 -0.9 -0.54 -0.88 -1.2
02/01/2011 1.3 0.77 -0.1 -0.96 -1.77 -1.98 -1.42 -1.53 -1.12 -0.94 -0.5 -0.39 -0.1 -0.43 -1.14
03/01/2011 -0.39 0.52 0.27 -0.33 -1 -1.67 -1.87 -1.43 -1.54 -1.22 -1.08 -0.62 -0.7 -0.16 -1.06
04/01/2011 0.14 -0.32 0.38 0.19 -0.34 -1 -1.69 -1.83 -1.42 -1.53 -1.23 -1.1 -0.32 -0.18 -0.85
05/01/2011 0.08 0.01 -0.33 0.27 0.12 -0.4 -1.11 -1.91 -2.08 -1.69 -1.75 -1.42 -0.79 -0.2 -0.93
06/01/2011 -0.01 -0.12 -0.14 -0.4 0.11 0 -0.47 -1.1 -1.8 -1.95 -1.6 -1.68 -0.74 -0.59 -0.85
07/01/2011 -0.51 -0.41 -0.28 -0.29 -0.52 -0.03 -0.11 -0.58 -1.18 -1.87 -2.03 -1.68 -0.77 -0.57 -0.85
08/01/2011 0.66 -0.04 -0.19 -0.2 -0.23 -0.45 0.02 -0.08 -0.53 -1.12 -1.78 -1.93 -0.69 -0.49 -0.8
09/01/2011 0.84 0.79 0.37 0.07 0.01 -0.06 -0.31 0.15 0.04 -0.41 -1.01 -1.61 -0.7 -0.87 -0.89
10/01/2011 0.44 0.59 0.62 0.41 0.16 0.07 0 -0.29 0.24 0.11 -0.38 -1.03 -1.08 -0.4 -1.27
11/01/2011 0.56 0.52 0.62 0.66 0.51 0.34 0.25 0.2 -0.03 0.37 0.26 -0.17 -0.9 -0.49 -0.73
12/01/2011 -0.42 0.18 0.22 0.35 0.39 0.24 0.09 0.04 -0.01 -0.23 0.16 0.07 -1.29 -0.54 -0.79
01/01/2012 -0.17 -0.82 -0.02 0.07 0.23 0.27 0.11 -0.02 -0.05 -0.1 -0.32 0.08 -1.27 -0.55 -0.73
02/01/2012 -1.85 -1.19 -1.51 -0.6 -0.49 -0.29 -0.25 -0.37 -0.44 -0.42 -0.46 -0.66 -1.81 -0.78 -0.79
03/01/2012 0.59 -0.27 -0.34 -0.61 -0.24 -0.18 -0.03 0 -0.12 -0.21 -0.23 -0.25 -1.4 -0.72 -0.37
04/01/2012 -0.22 0.08 -0.6 -0.57 -0.84 -0.47 -0.42 -0.25 -0.22 -0.33 -0.41 -0.41 -1.13 -1.15 -0.5
05/01/2012 1.52 0.89 0.98 0.45 0.29 0.07 0.22 0.31 0.45 0.49 0.34 0.2 -0.15 -0.9 -0.09
06/01/2012 0.85 1.45 0.99 1.03 0.61 0.46 0.27 0.38 0.48 0.59 0.62 0.49 0.31 -0.87 -0.18
07/01/2012 1.43 1.21 1.61 1.25 1.26 0.87 0.71 0.53 0.61 0.73 0.83 0.87 0.6 -0.53 0.07
08/01/2012 -0.14 1.04 1 1.47 1.14 1.16 0.78 0.63 0.46 0.55 0.65 0.75 0.26 -0.8 0.08
09/01/2012 0.56 0.23 0.94 0.98 1.42 1.16 1.19 0.81 0.67 0.49 0.58 0.67 0.44 -0.66 -0.25
10/01/2012 -2.42 -1.14 -1.42 -0.54 -0.08 0.86 0.59 0.73 0.24 0.13 -0.09 0.07 0.05 -0.71 -0.28
11/01/2012 0.49 -0.54 -0.41 -0.55 -0.11 0.14 0.76 0.58 0.71 0.33 0.23 0.03 0.14 -0.13 -0.39
12/01/2012 0.2 0.35 -0.52 -0.44 -0.61 -0.16 0.09 0.72 0.53 0.65 0.29 0.2 0.22 0.13 -0.37
01/01/2013 -0.21 -0.23 0.16 -0.75 -0.64 -0.8 -0.31 -0.03 0.62 0.45 0.58 0.2 0.24 0.13 -0.41
02/01/2013 -0.08 -0.3 -0.29 0.02 -0.85 -0.75 -0.85 -0.39 -0.11 0.52 0.34 0.47 0.15 -0.17 -0.43
03/01/2013 -1.18 -0.94 -0.85 -0.81 -0.43 -1.22 -1.13 -1.23 -0.8 -0.5 0.15 -0.02 -0.24 -0.27 -0.68
04/01/2013 -0.19 -1.1 -1.13 -1 -1 -0.65 -1.46 -1.33 -1.43 -1 -0.7 -0.01 -0.43 -0.37 -1.06
05/01/2013 0.9 0.38 -0.3 -0.45 -0.46 -0.49 -0.32 -1.15 -1.05 -1.17 -0.73 -0.44 -0.35 -0.24 -1
06/01/2013 0.98 1.09 0.67 0.11 -0.02 -0.1 -0.13 -0.01 -0.68 -0.61 -0.71 -0.36 0.02 0.04 -0.93
07/01/2013 -1.91 0.58 0.81 0.48 -0.06 -0.18 -0.24 -0.27 -0.15 -0.81 -0.75 -0.84 -0.03 0.02 -0.92
08/01/2013 1.89 1.1 1.12 1.21 0.89 0.36 0.25 0.15 0.12 0.2 -0.38 -0.33 0.54 0.28 -0.88
09/01/2013 -1.41 0.87 0.39 0.78 0.93 0.66 0.16 0.04 -0.04 -0.08 0.02 -0.58 0.29 0.04 -0.88
10/01/2013 -0.24 -0.71 0.14 -0.19 0.3 0.69 0.43 -0.15 -0.27 -0.33 -0.36 -0.22 0.31 -0.17 -0.68
11/01/2013 0.43 -0.02 -0.28 0.23 0.03 0.34 0.6 0.42 -0.02 -0.12 -0.2 -0.24 -0.21 -0.17 -0.23
12/01/2013 0.82 0.6 0.26 0.01 0.47 0.29 0.55 0.79 0.61 0.2 0.11 0.02 -0.2 0.1 0.06
01/01/2014 -1.78 -0.27 0.08 -0.28 -0.53 -0.01 -0.18 0.15 0.45 0.28 -0.15 -0.25 -0.79 -0.07 -0.08
02/01/2014 0.08 -0.93 -0.21 0.02 -0.33 -0.58 -0.05 -0.22 0.11 0.4 0.23 -0.17 -0.7 0.16 -0.3
03/01/2014 -0.67 -0.52 -1.04 -0.54 -0.29 -0.59 -0.81 -0.35 -0.49 -0.17 0.14 -0.02 -0.91 -0.1 -0.32
04/01/2014 -0.73 -1.29 -1.19 -1.5 -1.06 -0.75 -1.09 -1.28 -0.8 -0.92 -0.56 -0.2 -0.71 -0.22 -0.53
05/01/2014 -0.46 -1.08 -1.45 -1.48 -1.72 -1.35 -1.1 -1.57 -1.78 -1.28 -1.36 -0.92 -1.1 -1.06 -0.74
06/01/2014 0.43 -0.24 -0.8 -1.11 -1.15 -1.42 -1.13 -0.94 -1.33 -1.52 -1.08 -1.18 -0.99 -1.24 -0.67
07/01/2014 0.65 0.45 -0.11 -0.67 -0.98 -1.03 -1.31 -1.02 -0.85 -1.22 -1.41 -0.99 -0.91 -1.44 -0.56
08/01/2014 -0.73 0.12 0.22 -0.25 -0.79 -1.07 -1.1 -1.39 -1.11 -0.94 -1.3 -1.48 -0.87 -1.43 -0.64
09/01/2014 0.5 0.07 0.14 0.2 -0.19 -0.73 -1.03 -1.07 -1.37 -1.11 -0.93 -1.27 -0.54 -1.47 -0.7
10/01/2014 1.97 1.89 1.89 2.02 1.92 1.41 0.95 0.52 0.44 0.02 0.26 0.3 0.61 0 0.02
11/01/2014 0.13 1.5 1.42 1.37 1.39 1.32 0.98 0.64 0.34 0.28 -0.06 0.13 0.22 -0.11 -0.08
12/01/2014 -0.21 -0.12 1.27 1.25 1.23 1.23 1.15 0.84 0.48 0.18 0.13 -0.2 -0.1 -0.17 -0.08
01/01/2015 -0.77 -1.13 -0.58 1.13 1.1 1.04 1.02 0.95 0.63 0.28 -0.03 -0.08 -0.17 -0.26 -0.17
02/01/2015 1.08 0.36 0.05 -0.05 1.45 1.42 1.32 1.29 1.16 0.86 0.54 0.27 -0.2 0.01 0.2
03/01/2015 0.21 0.71 0.28 0.09 -0.01 1.25 1.24 1.16 1.16 1.08 0.83 0.51 -0.01 0.3 0.14
04/01/2015 -1.23 -0.89 -0.2 -0.43 -0.62 -0.61 0.77 0.76 0.67 0.68 0.65 0.42 -0.22 0.1 -0.01
05/01/2015 -0.17 -1.16 -0.94 -0.41 -0.58 -0.78 -0.82 0.62 0.63 0.53 0.55 0.52 -0.44 -0.32 -0.55
06/01/2015 -1.2 -0.67 -1.45 -1.16 -0.68 -0.81 -1 -1.02 0.27 0.28 0.19 0.22 -0.8 -0.76 -0.84
07/01/2015 -0.16 -1.16 -0.73 -1.51 -1.22 -0.76 -0.89 -1.06 -1.08 0.17 0.19 0.09 -0.61 -0.71 -1.07
08/01/2015 2.02 1.36 0.43 0.08 -0.67 -0.56 -0.19 -0.38 -0.54 -0.6 0.58 0.59 -0.21 -0.65 -0.76
09/01/2015 1.29 1.89 1.76 0.88 0.49 -0.21 -0.19 0.15 -0.07 -0.23 -0.31 0.85 0.24 -0.28 -0.58
10/01/2015 1.75 1.96 2.5 2.55 2.13 1.72 1.13 1.04 1.33 1 0.85 0.69 1.36 0.63 0.36
11/01/2015 -0.34 1.09 1.3 1.72 1.63 1.29 1.04 0.58 0.56 0.84 0.61 0.46 1.17 0.33 0.14
12/01/2015 -0.03 -0.38 0.9 1.17 1.66 1.52 1.17 0.94 0.47 0.45 0.72 0.51 1.19 0.16 0.09
01/01/2016 0.32 -0.02 -0.4 1 1.29 1.8 1.61 1.22 0.96 0.52 0.5 0.77 1.23 0.41 0.15
02/01/2016 -0.08 0.04 -0.14 -0.49 0.88 1.18 1.63 1.45 1.05 0.85 0.41 0.39 1.17 0.39 0.16
03/01/2016 -0.15 -0.25 -0.11 -0.23 -0.51 0.63 0.91 1.32 1.19 0.87 0.71 0.28 1.07 0.53 0.32
04/01/2016 0.89 0.56 0.38 0.37 0.28 -0.07 1.02 1.27 1.66 1.52 1.19 1.01 0.41 0.99 0.65
05/01/2016 -0.98 0.14 -0.08 -0.23 -0.11 -0.22 -0.56 0.62 0.94 1.42 1.25 0.89 0.2 0.96 0.23
06/01/2016 0.15 -0.8 0.04 -0.14 -0.26 -0.16 -0.27 -0.57 0.47 0.76 1.18 1.04 0.23 0.92 0.07
07/01/2016 0 -0.09 -0.8 -0.06 -0.21 -0.33 -0.22 -0.33 -0.61 0.38 0.67 1.07 0.34 0.84 0.11
08/01/2016 -1.56 -0.66 -0.33 -0.96 -0.19 -0.32 -0.43 -0.32 -0.43 -0.71 0.28 0.56 0.04 0.82 -0.17
09/01/2016 0.3 -0.19 -0.55 -0.41 -0.9 -0.23 -0.36 -0.47 -0.36 -0.48 -0.75 0.24 0.02 0.78 -0.08
10/01/2016 0.58 0.47 0.26 0.09 -0.07 -0.67 -0.07 -0.24 -0.35 -0.25 -0.36 -0.67 0.57 -0.02 0.14
11/01/2016 -0.87 -0.27 -0.27 -0.47 -0.57 -0.62 -1 -0.53 -0.67 -0.77 -0.67 -0.79 0.25 -0.21 -0.11
12/01/2016 0.86 -0.08 0.09 0.04 -0.13 -0.21 -0.27 -0.67 -0.24 -0.38 -0.48 -0.4 0.68 0.04 -0.13
01/01/2017 -1.54 -0.12 -0.76 -0.45 -0.46 -0.66 -0.7 -0.72 -1.04 -0.62 -0.74 -0.83 0.5 -0.04 -0.14
02/01/2017 0.54 -0.42 0.18 -0.49 -0.28 -0.3 -0.45 -0.5 -0.5 -0.84 -0.44 -0.56 0.23 -0.16 -0.05
03/01/2017 -0.72 -0.23 -0.73 -0.26 -0.74 -0.56 -0.59 -0.72 -0.76 -0.76 -1.08 -0.66 -0.22 -0.33 -0.03
04/01/2017 -0.56 -1.18 -0.8 -1.12 -0.7 -1.14 -0.99 -0.97 -1.11 -1.13 -1.11 -1.41 -1.31 -0.2 0
05/01/2017 -0.31 -0.83 -1.26 -1.04 -1.29 -0.93 -1.43 -1.38 -1.37 -1.55 -1.53 -1.46 -1.33 -0.37 -0.03
06/01/2017 -0.69 -0.7 -1.08 -1.37 -1.17 -1.4 -1.09 -1.54 -1.49 -1.47 -1.64 -1.62 -1.35 -0.35 -0.16
07/01/2017 0.7 -0.22 -0.46 -0.9 -1.2 -1.03 -1.28 -0.97 -1.41 -1.36 -1.36 -1.51 -1.38 -0.24 -0.15
08/01/2017 -0.27 0.25 -0.37 -0.56 -0.98 -1.26 -1.08 -1.33 -1.03 -1.47 -1.41 -1.41 -1.32 -0.62 -0.13
09/01/2017 -1.18 -1.24 -0.57 -0.94 -0.83 -1.27 -1.54 -1.33 -1.59 -1.29 -1.7 -1.63 -1.42 -1.03 -0.26
10/01/2017 0.84 0.47 0.31 0.39 -0.08 -0.35 -0.87 -1.26 -1.04 -1.34 -1.01 -1.48 -1.62 -1.54 -0.77
11/01/2017 -0.8 0.02 -0.24 -0.39 -0.3 -0.61 -0.72 -1.14 -1.49 -1.34 -1.64 -1.35 -1.59 -1.36 -0.84
12/01/2017 -0.98 -1.21 -0.44 -0.71 -0.92 -0.77 -1.03 -1.1 -1.48 -1.8 -1.64 -1.92 -1.96 -1.52 -0.94
01/01/2018 0.43 -0.6 -1.01 -0.39 -0.64 -0.81 -0.65 -0.9 -0.95 -1.38 -1.7 -1.55 -1.86 -1.56 -0.85
02/01/2018 0.28 0.35 -0.29 -0.83 -0.35 -0.59 -0.7 -0.57 -0.76 -0.85 -1.22 -1.51 -1.6 -1.46 -0.99
03/01/2018 -0.86 -0.49 -0.23 -0.68 -1.08 -0.67 -0.89 -1 -0.87 -1.05 -1.14 -1.41 -1.79 -1.61 -1.16
04/01/2018 -0.24 -0.97 -0.81 -0.49 -0.91 -1.31 -0.94 -1.12 -1.23 -1.1 -1.26 -1.34 -2.03 -2.06 -1.04
05/01/2018 0.54 0.06 -0.5 -0.48 -0.26 -0.66 -1.15 -0.86 -1.07 -1.2 -1.04 -1.21 -1.63 -2.02 -1
06/01/2018 0.46 0.49 0.11 -0.34 -0.33 -0.18 -0.53 -0.97 -0.71 -0.9 -1.01 -0.89 -1.69 -1.99 -0.83
07/01/2018 0.12 0.24 0.37 0.04 -0.39 -0.38 -0.23 -0.56 -0.99 -0.74 -0.93 -1.03 -1.5 -1.96 -0.8
08/01/2018 -0.42 -0.38 0.04 0.24 -0.07 -0.47 -0.46 -0.3 -0.64 -1.06 -0.81 -0.99 -1.6 -1.91 -1.14
09/01/2018 0.43 0.03 -0.25 0 0.23 -0.07 -0.48 -0.45 -0.31 -0.66 -1.08 -0.81 -1.39 -1.91 -1.32
10/01/2018 0.01 0 -0.23 -0.4 -0.3 0 -0.31 -0.78 -0.72 -0.53 -0.9 -1.35 -1.33 -2.03 -1.93
11/01/2018 0.06 -0.19 -0.16 -0.32 -0.4 -0.32 -0.09 -0.34 -0.73 -0.71 -0.57 -0.91 -1.22 -1.44 -1.59
12/01/2018 1.48 0.76 0.55 0.53 0.44 0.36 0.37 0.47 0.26 -0.09 -0.08 0.01 -0.57 -1.22 -1.24
01/01/2019 0.67 1.93 0.94 0.75 0.72 0.64 0.54 0.52 0.6 0.42 0.07 0.07 -0.5 -0.94 -1.26
02/01/2019 1.14 1.11 1.91 1.24 1.12 1.08 0.99 0.88 0.81 0.86 0.69 0.37 -0.11 -0.76 -1
03/01/2019 0.87 1.18 1.14 1.75 1.31 1.24 1.22 1.15 1.06 1 1.05 0.87 0.3 -0.34 -0.75
04/01/2019 -0.3 0.26 0.73 0.77 1.43 1.11 1.05 1.01 0.93 0.85 0.81 0.88 -0.11 -0.27 -1.14
05/01/2019 -0.81 -0.97 -0.3 0.19 0.36 1.02 0.78 0.71 0.69 0.61 0.51 0.5 -0.06 -0.53 -1.26
06/01/2019 0.19 -0.66 -0.86 -0.3 0.1 0.27 0.83 0.64 0.56 0.55 0.47 0.4 0.12 -0.41 -1.28
07/01/2019 -1.42 -0.29 -0.83 -1.04 -0.46 -0.06 0.13 0.68 0.5 0.4 0.4 0.32 -0.05 -0.56 -1.32
08/01/2019 0.04 -0.88 -0.36 -0.87 -1.08 -0.5 -0.11 0.07 0.61 0.44 0.34 0.34 -0.08 -0.53 -1.3
09/01/2019 0.84 0.56 0.02 -0.04 -0.54 -0.84 -0.35 0.03 0.19 0.73 0.55 0.45 0.26 -0.3 -1.18
10/01/2019 1.11 1.18 1.14 0.95 0.77 0.18 -0.17 0.23 0.61 0.73 1.3 1.07 0.85 -0.14 -0.87
11/01/2019 -0.34 0.47 0.58 0.52 0.34 0.24 -0.15 -0.43 -0.11 0.22 0.36 0.86 0.42 -0.02 -0.66
12/01/2019 -1.51 -0.98 -0.05 0.11 0.02 -0.17 -0.22 -0.57 -0.82 -0.48 -0.14 0.02 0.14 -0.03 -1.01
01/01/2020 0.37 -0.9 -0.88 -0.01 0.16 0.08 -0.1 -0.16 -0.48 -0.77 -0.42 -0.08 0.24 -0.05 -0.86
02/01/2020 0.29 0.32 -0.46 -0.73 0.01 0.17 0.1 -0.06 -0.11 -0.42 -0.66 -0.36 0.32 -0.04 -0.89
03/01/2020 -1.14 -0.64 -0.36 -0.93 -1.08 -0.44 -0.28 -0.35 -0.48 -0.49 -0.78 -0.96 0.03 -0.05 -0.92
04/01/2020 0.73 -0.08 -0.04 0.06 -0.4 -0.67 -0.11 0.04 -0.02 -0.16 -0.2 -0.5 0.33 0.26 -0.62
05/01/2020 -0.02 0.48 -0.19 -0.18 -0.04 -0.5 -0.83 -0.28 -0.12 -0.19 -0.33 -0.36 0.38 0.04 -0.67
06/01/2020 -0.17 -0.28 0.22 -0.33 -0.32 -0.18 -0.61 -0.89 -0.41 -0.26 -0.33 -0.45 -0.19 -0.09 -0.62
07/01/2020 0.23 -0.26 -0.28 0.16 -0.35 -0.34 -0.22 -0.62 -0.89 -0.44 -0.29 -0.36 -0.35 -0.08 -0.67
08/01/2020 0.93 0.52 0.05 -0.11 0.26 -0.24 -0.23 -0.12 -0.51 -0.79 -0.34 -0.2 -0.52 0.05 -0.57
09/01/2020 -0.08 0.29 0.06 -0.23 -0.25 0.13 -0.36 -0.34 -0.23 -0.65 -0.91 -0.44 -0.87 -0.04 -0.51
10/01/2020 0.36 0.12 0.25 0.14 -0.17 -0.26 0.15 -0.41 -0.37 -0.25 -0.68 -0.98 -0.71 0.08 -0.63
11/01/2020 1.29 1.14 0.96 1.07 1.01 0.79 0.62 0.88 0.47 0.48 0.51 0.16 0.17 0.59 0.06
12/01/2020 1.4 1.53 1.54 1.41 1.58 1.49 1.25 1.06 1.3 0.92 0.93 0.94 0.66 0.6 0.44
01/01/2021 -0.77 1 1.46 1.46 1.29 1.44 1.32 1.06 0.86 1.15 0.75 0.75 0.62 0.39 0.3
02/01/2021 0.24 -0.37 0.75 1.38 1.45 1.29 1.38 1.26 0.99 0.83 1.07 0.71 0.63 0.2 0.3
03/01/2021 -0.88 -0.53 -0.77 0.12 0.87 0.92 0.8 0.89 0.82 0.62 0.52 0.72 0.3 -0.17 0.32
04/01/2021 -2.02 -2.34 -1.86 -1.77 -0.8 0.21 0.24 0.13 0.22 0.18 0.02 -0.04 -0.59 -0.45 0.11
05/01/2021 -1.01 -2.34 -2.63 -2.42 -2.25 -1.34 -0.27 -0.28 -0.39 -0.3 -0.32 -0.45 -0.74 -0.66 -0.26
06/01/2021 -1.19 -1.42 -2.52 -2.64 -2.43 -2.33 -1.51 -0.51 -0.55 -0.64 -0.56 -0.57 -0.61 -0.85 -0.44
07/01/2021 0.98 -0.1 -0.82 -1.94 -2.17 -2.05 -2.03 -1.27 -0.36 -0.39 -0.48 -0.4 -0.58 -0.63 -0.32
08/01/2021 -0.34 0.53 -0.27 -0.93 -2 -2.22 -2.08 -2.08 -1.33 -0.43 -0.46 -0.55 -0.62 -0.64 -0.32
09/01/2021 -1.02 -1.23 -0.23 -0.81 -1.19 -2.32 -2.52 -2.35 -2.36 -1.6 -0.63 -0.65 -0.47 -0.9 -0.42
10/01/2021 -0.21 -0.65 -0.95 -0.6 -1.21 -1.69 -2.99 -3.29 -3.01 -2.97 -2.06 -0.95 -0.96 -1.4 -0.43
11/01/2021 -0.43 -0.74 -0.99 -1.19 -0.88 -1.25 -1.56 -2.58 -2.97 -2.85 -2.93 -2.16 -1.14 -1.17 -0.46
12/01/2021 0.55 -0.09 -0.46 -0.72 -0.93 -0.67 -0.99 -1.35 -2.22 -2.58 -2.51 -2.61 -0.99 -0.86 -0.73
01/01/2022 1.93 2.02 0.75 0.44 0.19 0.08 0.24 -0.09 -0.48 -1.29 -1.65 -1.62 -0.37 -0.49 -0.51
02/01/2022 0.4 1.49 1.57 0.76 0.49 0.25 0.15 0.3 -0.01 -0.38 -1.09 -1.43 -0.36 -0.45 -0.64
03/01/2022 -0.14 0.04 0.92 1.04 0.53 0.3 0.1 0.01 0.15 -0.12 -0.47 -1.07 -0.33 -0.24 -0.85
04/01/2022 0.92 0.6 0.62 1.23 1.4 0.9 0.72 0.51 0.43 0.55 0.26 -0.1 -0.03 -0.16 -0.53
05/01/2022 -0.04 0.65 0.38 0.43 1.09 1.24 0.79 0.62 0.4 0.31 0.44 0.13 -0.76 -0.29 -0.48
06/01/2022 -0.54 -0.43 0.27 0.08 0.13 0.77 0.89 0.51 0.33 0.14 0.05 0.18 -1.32 -0.35 -0.58
07/01/2022 -0.91 -1.05 -0.6 0.1 -0.07 -0.02 0.64 0.74 0.38 0.18 0 -0.08 -1.3 -0.42 -0.56
08/01/2022 -1.56 -1.72 -1.29 -0.76 -0.04 -0.18 -0.13 0.53 0.63 0.29 0.08 -0.09 -1.33 -0.56 -0.6
09/01/2022 -0.75 -1.42 -2.29 -1.86 -0.99 -0.27 -0.39 -0.33 0.38 0.48 0.13 -0.09 -1.23 -0.62 -0.77
10/01/2022 0.48 0.11 -0.15 -0.5 -0.95 -0.87 -0.2 -0.36 -0.28 0.51 0.62 0.23 -0.65 -0.54 -0.94
11/01/2022 -1 -0.43 -0.65 -0.88 -1.1 -1.36 -1.19 -0.67 -0.8 -0.74 -0.01 0.08 -0.71 -1.23 -0.91
12/01/2022 -1.85 -1.71 -1.06 -1.32 -1.64 -1.8 -1.98 -1.72 -1.1 -1.21 -1.14 -0.38 -0.88 -1.89 -0.94
01/01/2023 0.15 -1.27 -1.51 -1.13 -1.36 -1.63 -1.73 -1.88 -1.62 -1.12 -1.22 -1.15 -1.03 -1.82 -1.05
02/01/2023 -1.44 -0.77 -1.73 -2.03 -1.7 -1.91 -2.09 -2.16 -2.18 -1.93 -1.39 -1.48 -1.18 -2.06 -1.23
03/01/2023 0.54 -0.23 -0.17 -0.76 -1.22 -1.09 -1.29 -1.44 -1.54 -1.65 -1.57 -1.07 -0.82 -1.68 -0.91
04/01/2023 -1.77 -0.81 -1.43 -1.07 -1.69 -2.08 -1.98 -2.12 -2.28 -2.36 -2.42 -2.27 -1.12 -1.65 -1.49
05/01/2023 2.22 0.94 1 0.53 0.46 0.01 -0.56 -0.52 -0.71 -0.87 -0.97 -1.12 0.02 -0.76 -0.89
06/01/2023 0.26 1.72 0.76 0.81 0.41 0.37 -0.03 -0.53 -0.5 -0.67 -0.8 -0.9 -0.1 -0.59 -0.84
07/01/2023 0.22 0.09 1.51 0.68 0.74 0.36 0.33 -0.06 -0.55 -0.52 -0.69 -0.82 -0.67 -0.72 -0.83
08/01/2023 -0.52 -0.31 -0.11 1.35 0.56 0.63 0.26 0.24 -0.15 -0.63 -0.6 -0.76 -0.75 -0.72 -0.95
09/01/2023 0.68 0.29 0.06 0.03 1.34 0.63 0.7 0.33 0.3 -0.09 -0.57 -0.52 -0.61 -0.53 -0.82
10/01/2023 -0.48 -0.23 -0.5 -0.64 -0.66 1.09 0.27 0.42 -0.03 -0.02 -0.47 -0.99 -1.32 -0.56 -0.95
11/01/2023 -1.46 -1.57 -1.12 -1.35 -1.37 -1.27 0.3 -0.37 -0.22 -0.6 -0.56 -0.99 -1.69 -0.59 -1.52
12/01/2023 0.16 -0.8 -1.31 -1.08 -1.35 -1.33 -1.23 0.25 -0.4 -0.25 -0.62 -0.58 -1.65 -0.68 -1.86
01/01/2024 1.55 1.33 0 -0.48 -0.34 -0.51 -0.51 -0.51 0.7 0.11 0.24 -0.11 -1.08 -0.83 -1.57
02/01/2024 -0.73 0.68 0.57 -0.34 -0.83 -0.67 -0.8 -0.79 -0.72 0.46 -0.11 0.02 -1.12 -1.01 -1.68
03/01/2024 -0.79 -1.1 0.04 0.01 -0.63 -1.07 -0.94 -1.06 -1.05 -0.99 0.17 -0.37 -1.17 -1.14 -1.65
04/01/2024 0.56 -0.11 -0.51 0.26 0.24 -0.4 -0.82 -0.68 -0.8 -0.8 -0.77 0.33 -1.04 -1.29 -1.23
